BETA_2,SE_2,var_2,MAF_2
-0.0381195,0.0164573,0.00027084272329,0.948433
-0.00458898,0.00977687,9.55871869969e-05,0.166963
0.00317237,0.0108883,0.00011855507689,0.127449
-0.0135911,0.0355755,0.00126561620025,0.0105967
0.095752,0.0489786,0.00239890325796,0.00552555
-0.0459447,0.069844,0.004878184336,0.0027407
-0.000964923,0.011368,0.000129231424,0.11757
0.00262332,0.0108922,0.00011864002084,0.12734
-0.0118971,0.086055,0.007405463025,0.00179156
-0.00600835,0.110527,0.012216217729,0.00105094
0.00270559,0.0108876,0.00011853983376,0.127508
-0.00319451,0.00996247,9.92508085009e-05,0.159935
0.0479151,0.0642523,0.00412835805529,0.00314193
-0.0490078,0.0785436,0.00616909710096,0.00213365
-0.0225708,0.0276301,0.00076342242601,0.017348
-0.0333527,0.0428364,0.00183495716496,0.0071497
0.0211539,0.0188322,0.00035465175684,0.03805
0.00306838,0.0108794,0.00011836134436,0.12775
0.00297714,0.0108845,0.00011847234025,0.127562
0.00304695,0.0108558,0.00011784839364,0.128261
0.002976,0.0108734,0.00011823082756,0.127793
0.00188722,0.00944363,8.91821475769e-05,0.18472
0.016746,0.0134525,0.00018096975625,0.0791546
0.00324557,0.0108882,0.00011855289924,0.12745
0.00325199,0.0108603,0.00011794611609,0.128199
-0.0375553,0.0164619,0.00027099415161,0.948461
0.00635277,0.00733159,5.37522119281e-05,0.469833
0.0645669,0.0492516,0.00242572010256,0.00556762
-0.0213933,0.0297088,0.00088261279744,0.0152797
-0.00528739,0.00975793,9.52171978849e-05,0.168282
0.0068808,0.00737266,5.43561154756e-05,0.465377
0.00579414,0.00979959,9.60319641681e-05,0.167663
0.00200447,0.00944566,8.92204928356e-05,0.184687
-0.0376559,0.0164663,0.00027113903569,0.948491
0.00296918,0.0109282,0.00011942555524,0.126358
-0.00148707,0.0113705,0.00012928827025,0.1176
-0.0278603,0.0649037,0.00421249027369,0.00318917
0.00363844,0.0109323,0.00011951518329,0.126354
0.00246878,0.010935,0.000119574225,0.126352
-0.042329,0.0252592,0.00063802718464,0.0210251
-0.0404116,0.0140287,0.00019680442369,0.927427
0.0681798,0.132327,0.017510434929,0.000725801
0.155693,0.149583,0.022375073889,0.000571782
-0.0228289,0.0192355,0.00037000446025,0.0371134
0.00861855,0.00735197,5.40514628809e-05,0.458821
-0.00357991,0.00774819,6.00344482761e-05,0.337865
0.0206198,0.0127753,0.00016320829009,0.0888197
-0.0404265,0.0251238,0.00063120532644,0.021251
-0.00764482,0.0101021,0.00010205242441,0.154844
0.00841985,0.00735278,5.40633737284e-05,0.457944
0.00856966,0.00735449,5.40885231601e-05,0.458342
-0.0835994,0.0373199,0.00139277493601,0.00953678
0.0216312,0.0127108,0.00016156443664,0.0896463
-0.0108111,0.00920492,8.47305522064e-05,0.19407
0.0392429,0.102984,0.010605704256,0.00132753
-0.00584341,0.00753453,5.67691423209e-05,0.376749
-0.0163889,0.00735224,5.40554330176e-05,0.549071
0.0215532,0.0127094,0.00016152884836,0.0896535
-0.016865,0.00734302,5.39199427204e-05,0.549736
-0.00808548,0.0101044,0.00010209889936,0.154797
-0.00973304,0.06839,0.0046771921,0.00283343
0.00126416,0.090321,0.008157883041,0.0015768
-0.008946,0.00830514,6.89753504196e-05,0.735764
-0.0106269,0.00919003,8.44566514009e-05,0.194405
-0.0166095,0.00734065,5.38851424225e-05,0.549404
-0.0104669,0.00919069,8.44687826761e-05,0.194368
-0.0369006,0.0164568,0.00027082626624,0.948575
0.0221241,0.0127029,0.00016136366841,0.0897484
-0.107526,0.0741505,0.00549829665025,0.002501
-0.00821179,0.00936043,8.76176497849e-05,0.184519
-0.0167182,0.00733657,5.38252593649e-05,0.450459
-0.0144134,0.0082802,6.856171204e-05,0.263769
0.0103514,0.0293421,0.00086095883241,0.0157239
-0.0223342,0.0273957,0.00075052437849,0.0175764
-0.00396714,0.00763662,5.83179650244e-05,0.354827
0.0478846,0.0310952,0.00096691146304,0.0137805
0.0219029,0.0126886,0.00016100056996,0.089936
-0.00598502,0.0075201,5.655190401e-05,0.376785
-0.00128454,0.00926835,8.59023117225e-05,0.190339
0.00866505,0.00733904,5.38615081216e-05,0.542131
0.0211569,0.014289,0.000204175521,0.0693935
-0.0395054,0.0250169,0.00062584528561,0.0214425
0.0140153,0.0129607,0.00016797974449,0.0861313
-0.0104825,0.113965,0.012988021225,0.00101852
-0.00595454,0.00751767,5.65153622289e-05,0.37653
-0.00895294,0.00743919,5.53415478561e-05,0.399303
-0.0159462,0.00731085,5.34485277225e-05,0.451034
-0.015474,0.0073025,5.332650625e-05,0.451092
0.0136852,0.0129472,0.00016762998784,0.0862292
0.00880577,0.00731074,5.34469193476e-05,0.541518
-0.0230458,0.0192259,0.00036963523081,0.0371329
0.00131404,0.0241124,0.00058140783376,0.0231566
-0.0380475,0.0164121,0.00026935702641,0.0516082
-0.0365031,0.0163855,0.00026848461025,0.0517917
0.0733305,0.0968939,0.00938842785721,0.00139259
0.0147201,0.0339742,0.00115424626564,0.0115646
-0.0373788,0.0164059,0.00026915355481,0.0516545
-0.0123267,0.0118567,0.00014058133489,0.104227
-0.0372737,0.0164035,0.00026907481225,0.0516667
-0.0418595,0.0249612,0.00062306150544,0.0215264
-0.0372875,0.0164062,0.00026916339844,0.0516545
0.0213114,0.0126784,0.00016074182656,0.0900646
0.0212893,0.0126788,0.00016075196944,0.0900702
-0.0372737,0.0164035,0.00026907481225,0.0516667
0.00876538,0.00731312,5.34817241344e-05,0.542071
0.00593283,0.0232797,0.00054194443209,0.0248725
-0.0372899,0.0164058,0.00026915027364,0.0516513
-0.0372737,0.0164035,0.00026907481225,0.0516667
0.00856448,0.00731185,5.34631504225e-05,0.541948
-0.00144755,0.00728702,5.31006604804e-05,0.48993
-0.0398504,0.0249345,0.00062172929025,0.0215714
-0.0379422,0.0164098,0.00026928153604,0.0516205
-0.00116526,0.00730899,5.34213348201e-05,0.491786
0.00845833,0.00733511,5.38038387121e-05,0.543614
0.0212229,0.0126786,0.00016074689796,0.090059
-0.0372737,0.0164035,0.00026907481225,0.0516667
-0.00150418,0.00728891,5.31282089881e-05,0.49013
-0.00401632,0.0587523,0.00345183275529,0.00372673
0.00878238,0.00730938,5.34270359844e-05,0.541864
-0.0366741,0.115845,0.013420064025,0.000987624
-0.0398504,0.0249345,0.00062172929025,0.0215714
-0.0379853,0.0163977,0.00026888456529,0.0517098
0.0388685,0.0675936,0.00456889476096,0.00285811
-0.021445,0.0231856,0.00053757204736,0.0251994
-0.0386539,0.016404,0.000269091216,0.0516635
0.0206863,0.0126771,0.00016070886441,0.0900872
-0.00904759,0.00741835,5.50319167225e-05,0.399145
0.100925,0.141871,0.020127380641,0.000634459
-0.0386539,0.016404,0.000269091216,0.0516635
0.00911163,0.00730438,5.33539671844e-05,0.54113
-0.00826298,0.00933485,8.71394245225e-05,0.184688
-0.0386539,0.016404,0.000269091216,0.0516635
-0.0163888,0.00729478,5.32138152484e-05,0.450957
-0.00214745,0.00728292,5.30409237264e-05,0.489722
-0.0395907,0.0688002,0.00473346752004,0.00288865
-0.037673,0.0163956,0.00026881569936,0.0517252
-0.0379853,0.0163977,0.00026888456529,0.0517098
-0.00132175,0.0104237,0.00010865352169,0.141525
-0.0379587,0.0164382,0.00027021441924,0.0514731
-0.0379853,0.0163977,0.00026888456529,0.0517098
0.00118251,0.00948593,8.99828679649e-05,0.180184
-0.00615,0.00750124,5.62686015376e-05,0.377001
0.0313263,0.0634529,0.00402627051841,0.00328448
-0.00213332,0.0104227,0.00010863267529,0.141561
-0.00201838,0.0104224,0.00010862642176,0.141577
0.020074,0.0126979,0.00016123666441,0.0898046
-0.0404495,0.024926,0.000621305476,0.0215915
-0.0361945,0.0161514,0.00026086772196,0.0534238
0.0373477,0.0405747,0.00164630628009,0.00804198
0.00143535,0.00948303,8.99278579809e-05,0.180378
-0.0359334,0.0161644,0.00026128782736,0.0533411
-0.0355589,0.0161753,0.00026164033009,0.0532722
-0.0015468,0.010374,0.000107619876,0.143387
-0.0361945,0.0161514,0.00026086772196,0.0534238
-0.00141479,0.010376,0.000107661376,0.143325
0.0202747,0.012699,0.000161264601,0.0897919
0.00957213,0.00731605,5.35245876025e-05,0.541656
-0.0191794,0.0330328,0.00109116587584,0.012427
-0.0355963,0.0161698,0.00026146243204,0.0533477
-0.0373081,0.0164146,0.00026943909316,0.051647
-0.0239177,0.0192231,0.00036952757361,0.0371599
0.00982925,0.00731595,5.35231244025e-05,0.541552
-0.0855933,0.076526,0.005856228676,0.00228451
-0.0538769,0.0358207,0.00128312254849,0.0101754
-0.133592,0.133754,0.017890132516,0.000742689
-0.0375602,0.0164168,0.00026951132224,0.0516332
0.00970749,0.00731757,5.35468307049e-05,0.54189
-0.0419074,0.0249617,0.00062308646689,0.0215298
-0.00530819,0.00889911,7.91941587921e-05,0.212834
-0.00850489,0.00934001,8.72357868001e-05,0.184526
-0.0373081,0.0164146,0.00026943909316,0.051647
-0.00567487,0.0120939,0.00014626241721,0.101545
0.00422075,0.0454808,0.00206850316864,0.00645782
0.0301275,0.04581,0.0020985561,0.00625058
-0.0419074,0.0249617,0.00062308646689,0.0215298
-0.00642651,0.00774777,6.00279399729e-05,0.3267
-0.00550813,0.010326,0.000106626276,0.145505
-0.00283781,0.0791647,0.00626704972609,0.00205742
-0.0072184,0.00855298,7.31534668804e-05,0.240686
0.00808811,0.0218469,0.00047728703961,0.0285635
-0.00560488,0.0079751,6.360222001e-05,0.298146
-0.024751,0.0192417,0.00037024301889,0.0370755
-0.0133453,0.00733712,5.38333298944e-05,0.428877
-0.0133388,0.00733712,5.38333298944e-05,0.428872
-0.0404677,0.0249442,0.00062221311364,0.02156
-0.0132759,0.00733718,5.38342103524e-05,0.428901
0.0143274,0.0864498,0.00747356792004,0.00174286
0.0618872,0.0604478,0.00365393652484,0.00358733
-0.00762551,0.00767997,5.89819392009e-05,0.337542
0.0106818,0.00730944,5.34279131136e-05,0.541254
0.000821319,0.0652862,0.00426228791044,0.00312201
0.00232177,0.00791945,6.27176883025e-05,0.303398
-0.0410044,0.0247542,0.00061277041764,0.0219384
0.000756899,0.0652671,0.00425979434241,0.00311931
0.0210611,0.0126001,0.00015876252001,0.091215
0.0104609,0.00730509,5.33643399081e-05,0.54286
-0.0152365,0.00847594,7.18415588836e-05,0.239791
0.339576,0.200626,0.040250791876,0.000356512
-0.0242738,0.0191995,0.00036862080025,0.0372098
0.00647929,0.0333524,0.00111238258576,0.0119199
-0.0321131,0.106549,0.011352689401,0.00116492
-0.0323895,0.0365607,0.00133668478449,0.0097906
-0.000406146,0.00951454,9.05264714116e-05,0.178229
0.0192696,0.0126355,0.00015965586025,0.0908431
0.0076622,0.0114438,0.00013096055844,0.113313
0.0442889,0.0215422,0.00046406638084,0.0293045
-0.0955517,0.118882,0.014132929924,0.00092957
0.0106987,0.00731604,5.35244412816e-05,0.538861
-0.0153387,0.0092678,8.589211684e-05,0.190882
-0.0150125,0.101659,0.010334552281,0.00128269
-0.0201281,0.0274153,0.00075159867409,0.0175384
-0.0433114,0.0245514,0.00060277124196,0.0223151
-0.0426536,0.024543,0.000602358849,0.0223305
0.0657069,0.0478234,0.00228707758756,0.00582337
-0.0433547,0.0245598,0.00060318377604,0.0222997
-0.0426536,0.024543,0.000602358849,0.0223305
-0.0426964,0.0245514,0.00060277124196,0.0223151
-0.002618,0.00925329,8.56233758241e-05,0.189572
-0.042698,0.0245426,0.00060233921476,0.0223312
-0.0433547,0.0245598,0.00060318377604,0.0222997
0.0531696,0.037203,0.001384063209,0.0095969
-0.0433547,0.0245598,0.00060318377604,0.0222997
-0.00115974,0.0107987,0.00011661192169,0.131589
-0.0433114,0.0245514,0.00060277124196,0.0223151
-0.0433114,0.0245514,0.00060277124196,0.0223151
-0.0279126,0.020221,0.000408888841,0.033481
-0.00908744,0.0827654,0.00685011143716,0.00186821
-0.0426964,0.0245514,0.00060277124196,0.0223151
-0.0431119,0.0246505,0.00060764715025,0.0220824
-0.0433547,0.0245598,0.00060318377604,0.0222997
-0.0424369,0.024659,0.000608066281,0.022067
-0.0431119,0.0246505,0.00060764715025,0.0220824
0.00729095,0.00731197,5.34649052809e-05,0.50379
-0.0431119,0.0246505,0.00060764715025,0.0220824
-0.0422091,0.0246511,0.00060767673121,0.0220851
-0.0426536,0.024543,0.000602358849,0.0223305
-0.0433547,0.0245598,0.00060318377604,0.0222997
-0.0426964,0.0245514,0.00060277124196,0.0223151
-0.0433114,0.0245514,0.00060277124196,0.0223151
0.0186742,0.0125946,0.00015862394916,0.0915719
0.0192129,0.0373033,0.00139153619089,0.00951007
-0.0426964,0.0245514,0.00060277124196,0.0223151
-0.0433547,0.0245598,0.00060318377604,0.0222997
-0.0433547,0.0245598,0.00060318377604,0.0222997
-0.0437758,0.024659,0.000608066281,0.022067
-0.0433547,0.0245598,0.00060318377604,0.0222997
-0.0153658,0.0272275,0.00074133675625,0.0177859
0.00319941,0.0237368,0.00056343567424,0.0238969
0.0136588,0.0246155,0.00060592284025,0.0224311
-0.028945,0.0202708,0.00041090533264,0.0333385
-0.0433114,0.0245514,0.00060277124196,0.0223151
-0.162945,0.101688,0.010340449344,0.00125162
-0.0433114,0.0245514,0.00060277124196,0.0223151
-0.0431119,0.0246505,0.00060764715025,0.0220824
0.0473302,0.0782228,0.00611880643984,0.00216457
-0.0426964,0.0245514,0.00060277124196,0.0223151
-0.0433114,0.0245514,0.00060277124196,0.0223151
-0.0433547,0.0245598,0.00060318377604,0.0222997
-0.0203464,0.0350971,0.00123180642841,0.0108491
-0.0433547,0.0245598,0.00060318377604,0.0222997
-0.0885544,0.0639523,0.00408989667529,0.00322531
0.00723964,0.00731266,5.34749962756e-05,0.504086
-0.0433547,0.0245598,0.00060318377604,0.0222997
-0.0270262,0.0202257,0.00040907894049,0.0334635
-0.0433547,0.0245598,0.00060318377604,0.0222997
-0.0426762,0.0245516,0.00060278106256,0.0223158
0.100963,0.106562,0.011355459844,0.00122049
0.0754642,0.0529177,0.00280028297329,0.00476886
0.00272286,0.0107319,0.00011517367761,0.132224
0.0300469,0.033447,0.001118701809,0.0119299
-0.0426536,0.024543,0.000602358849,0.0223305
-0.0215415,0.0163585,0.00026760052225,0.0515673
-0.0433114,0.0245514,0.00060277124196,0.0223151
-0.0426536,0.024543,0.000602358849,0.0223305
0.0027581,0.0107316,0.00011516723856,0.132175
-0.0087468,0.00753998,5.68512984004e-05,0.370784
-0.036903,0.109675,0.012028605625,0.00109778
-0.0126675,0.00947993,8.98690728049e-05,0.179666
0.0186358,0.0126005,0.00015877260025,0.0914512
0.0183682,0.0126029,0.00015883308841,0.0914048
-0.0426964,0.0245514,0.00060277124196,0.0223151
0.0185006,0.0126125,0.00015907515625,0.0912855
0.027961,0.0674205,0.00454552382025,0.00289633
0.101774,0.0751686,0.00565031842596,0.00240629
-0.0426964,0.0245514,0.00060277124196,0.0223151
-0.0426876,0.0245518,0.00060279088324,0.0223158
-0.0426964,0.0245514,0.00060277124196,0.0223151
-0.0426964,0.0245514,0.00060277124196,0.0223151
-0.0432914,0.0245516,0.00060278106256,0.0223158
-0.0433547,0.0245598,0.00060318377604,0.0222997
-0.0426964,0.0245514,0.00060277124196,0.0223151
0.00356674,0.0254996,0.00065022960016,0.0209747
0.0114447,0.0222233,0.00049387506289,0.027212
-0.0143042,0.0274758,0.00075491958564,0.0174478
-0.0146639,0.027463,0.000754216369,0.0174627
-0.0426334,0.0245432,0.00060236866624,0.0223312
-0.0433547,0.0245598,0.00060318377604,0.0222997
0.0465003,0.0225875,0.00051019515625,0.0267447
-0.0433547,0.0245598,0.00060318377604,0.0222997
-0.0433547,0.0245598,0.00060318377604,0.0222997
-0.0433547,0.0245598,0.00060318377604,0.0222997
-0.0432914,0.0245516,0.00060278106256,0.0223158
0.00790624,0.00731281,5.34771900961e-05,0.503793
-0.103645,0.0868596,0.00754459011216,0.00171848
-0.0426964,0.0245514,0.00060277124196,0.0223151
-0.0329141,0.109704,0.012034967616,0.00114399
-0.0426964,0.0245514,0.00060277124196,0.0223151
-0.0431119,0.0246505,0.00060764715025,0.0220824
-0.0423237,0.0245428,0.00060234903184,0.0223298
-0.0431119,0.0246505,0.00060764715025,0.0220824
-0.0433994,0.0246502,0.00060763236004,0.0220817
0.0105268,0.0120141,0.00014433859881,0.101268
-0.0429185,0.0245429,0.00060235394041,0.0223305
-0.0429815,0.0245512,0.00060276142144,0.0223144
-0.0503511,0.0457661,0.00209453590921,0.0063207
-0.0422612,0.0245346,0.00060194659716,0.0223459
0.00731601,0.00731054,5.34439950916e-05,0.503683
-0.0638191,0.0378993,0.00143635694049,0.00949397
0.0235924,0.136806,0.018715881636,0.000678782
0.00826516,0.0368114,0.00135507916996,0.009847
-0.0430837,0.0245521,0.00060280561441,0.0223676
-0.00280657,0.00927218,8.59733219524e-05,0.189025
0.01299,0.00729404,5.32030195216e-05,0.544111
0.016726,0.00733753,5.38393465009e-05,0.56648
0.0156872,0.00732561,5.36645618721e-05,0.548175
-0.0390681,0.0244584,0.00059821333056,0.0225093
-0.0124927,0.0362825,0.00131641980625,0.0100818
-0.0383851,0.0247547,0.00061279517209,0.0219819
-0.0371822,0.0247909,0.00061458872281,0.0219014
0.0167886,0.00734127,5.38942452129e-05,0.567076
0.0119152,0.00729272,5.31837649984e-05,0.526406
-0.146699,0.0985729,0.00971661661441,0.00135039
0.0171285,0.00734462,5.39434429444e-05,0.567472
0.0119722,0.00729264,5.31825981696e-05,0.526422
-0.0373713,0.0246619,0.00060820931161,0.0221307
0.0916011,0.10436,0.0108910096,0.00120448
0.0119726,0.0072924,5.317909776e-05,0.52642
-0.0177468,0.0274395,0.00075292616025,0.0175056
0.0156544,0.00732842,5.37057396964e-05,0.548749
-0.0178085,0.0274396,0.00075293164816,0.0175072
-0.030615,0.0169315,0.00028667569225,0.0485175
-0.0177468,0.0274395,0.00075292616025,0.0175056
0.0119847,0.00729201,5.31734098401e-05,0.526404
-0.0376512,0.0246794,0.00060907278436,0.0221006
0.000219153,0.00956021,9.13976152441e-05,0.177233
-0.0139661,0.0384881,0.00148133384161,0.00917932
-0.0174814,0.00734725,5.39820825625e-05,0.433798
0.0301839,0.0390308,0.00152340334864,0.008792
-0.00107755,0.0295938,0.00087579299844,0.0153885
0.015269,0.00732878,5.37110162884e-05,0.548921
0.0164179,0.00734186,5.39029082596e-05,0.56725
-0.037689,0.0246793,0.00060906784849,0.0221006
-0.0373079,0.0246882,0.00060950721924,0.0220858
-0.0176765,0.00734751,5.39859032001e-05,0.433767
0.0155778,0.00732851,5.37070588201e-05,0.548707
-0.00263847,0.00926648,8.58676515904e-05,0.189904
0.0132724,0.00729225,5.31769100625e-05,0.54525
0.0133348,0.00730547,5.33698919209e-05,0.529547
-0.0457857,0.024832,0.000616628224,0.0217304
0.0101101,0.00733255,5.37662895025e-05,0.523743
0.0112646,0.00732629,5.36745251641e-05,0.51154
0.0104413,0.00731363,5.34891837769e-05,0.510944
-0.0355659,0.0247049,0.00061033208401,0.0220248
0.00600055,0.0305194,0.00093143377636,0.0146371
-0.00888759,0.0090024,8.104320576e-05,0.205338
0.0111404,0.00730401,5.33485620801e-05,0.511269
-0.0117498,0.0107274,0.00011507711076,0.133862
0.0112277,0.00730239,5.33248997121e-05,0.511189
-0.0388921,0.0249133,0.00062067251689,0.0216513
-0.0349946,0.0247154,0.00061085099716,0.0220382
-0.0264904,0.0276234,0.00076305222756,0.0172483
-0.00710386,0.00919671,8.45794748241e-05,0.196014
-0.0382251,0.0249041,0.00062021419681,0.021666
0.0160636,0.00732738,5.36904976644e-05,0.551805
0.0164501,0.00732695,5.36841963025e-05,0.551633
-0.00730615,0.0125458,0.00015739709764,0.0931866
0.010961,0.00730591,5.33763209281e-05,0.511517
0.0145447,0.00732473,5.36516695729e-05,0.533606
0.0108841,0.00730358,5.33422808164e-05,0.511297
0.0158933,0.00732717,5.36874202089e-05,0.551828
-0.0350789,0.0247148,0.00061082133904,0.0220395
0.015882,0.00732641,5.36762834881e-05,0.551842
0.0161097,0.00732719,5.36877132961e-05,0.551937
-0.0351609,0.0247233,0.00061124156289,0.0220241
0.0108642,0.00730284,5.33314720656e-05,0.511389
-0.0267676,0.027636,0.000763748496,0.0172334
0.0158273,0.00732554,5.36635362916e-05,0.551763
-0.0382251,0.0249041,0.00062021419681,0.021666
-0.0267676,0.027636,0.000763748496,0.0172334
-0.036519,0.0247502,0.00061257240004,0.0219779
0.0161646,0.00732541,5.36616316681e-05,0.551616
-0.0346047,0.0247157,0.00061086582649,0.0220389
0.0112296,0.00730237,5.33246076169e-05,0.511092
0.0161073,0.00732435,5.36461029225e-05,0.551566
0.014647,0.00732226,5.36154915076e-05,0.533314
0.00758091,0.0652703,0.00426021206209,0.00308842
-0.0329215,0.0247396,0.00061204780816,0.0219933
-0.0388995,0.0249129,0.00062065258641,0.0216506
-0.0356565,0.024724,0.000611276176,0.0220228
0.0109565,0.00730142,5.33107340164e-05,0.511323
-0.0391744,0.0248772,0.00061887507984,0.0217103
-0.0368484,0.0247062,0.00061039631844,0.0220516
-0.0361864,0.0246976,0.00060997144576,0.022067
0.0109486,0.00730385,5.33462248225e-05,0.512346
0.0109486,0.00730385,5.33462248225e-05,0.512346
0.0147357,0.0290505,0.00084393155025,0.0159465
0.0163576,0.00732092,5.35958696464e-05,0.55167
-0.0369345,0.0247152,0.00061084111104,0.0220368
-0.0156007,0.00930112,8.65108332544e-05,0.189961
0.0165879,0.00732094,5.35961624836e-05,0.551725
-0.0369677,0.0247156,0.00061086088336,0.0220382
-0.00757571,0.0587471,0.00345122175841,0.00375649
-0.0368512,0.0247066,0.00061041608356,0.0220522
-0.0361892,0.024698,0.000609991204,0.0220677
-0.0267455,0.0276369,0.00076379824161,0.0172339
-0.0361892,0.024698,0.000609991204,0.0220677
0.0149785,0.00731661,5.35327818921e-05,0.533487
-0.0361892,0.024698,0.000609991204,0.0220677
0.0730887,0.0931498,0.00867688524004,0.0014996
-0.0363389,0.0246982,0.00061000108324,0.0220731
0.0101417,0.0431093,0.00185841174649,0.00708066
-0.0361892,0.024698,0.000609991204,0.0220677
-0.0357357,0.0246814,0.00060917150596,0.0221139
0.0163226,0.00731041,5.34420943681e-05,0.551546
-0.00467802,0.0556663,0.00309873695569,0.00426145
0.0131006,0.00727412,5.29128217744e-05,0.529372
-0.0100441,0.00899361,8.08850208321e-05,0.205521
-0.0362719,0.0247066,0.00061041608356,0.0220522
-0.0363567,0.024706,0.000610386436,0.0220536
0.0116976,0.00728442,5.30627747364e-05,0.511124
0.0116976,0.00728442,5.30627747364e-05,0.511124
0.0113932,0.00728499,5.30710793001e-05,0.511279
-0.026703,0.0276246,0.00076311852516,0.0172494
0.011698,0.00728436,5.30619006096e-05,0.511124
-0.0221922,0.015823,0.000250367329,0.055355
-0.0267455,0.0276369,0.00076379824161,0.0172339
-0.0392576,0.0248766,0.00061884522756,0.0217116
-0.0154631,0.00965859,9.32883607881e-05,0.376756
-0.0361526,0.0246978,0.00060998132484,0.0220683
-0.0361892,0.024698,0.000609991204,0.0220677
-0.0361892,0.024698,0.000609991204,0.0220677
-0.0361892,0.024698,0.000609991204,0.0220677
0.0597764,0.052296,0.002734871616,0.00483781
-0.00956875,0.0652636,0.00425933748496,0.00308938
0.011698,0.00728436,5.30619006096e-05,0.511124
-0.0368512,0.0247066,0.00061041608356,0.0220522
-0.189706,0.133858,0.017917964164,0.000772296
0.0151747,0.00730522,5.33662392484e-05,0.533271
-0.00994895,0.00899253,8.08655958009e-05,0.205552
0.0164398,0.00730673,5.33883032929e-05,0.551539
-0.0170282,0.0176822,0.00031266019684,0.0439625
0.0211422,0.0162574,0.00026430305476,0.0537435
0.0188688,0.0314266,0.00098763118756,0.0135979
-0.00929931,0.00731815,5.35553194225e-05,0.482876
-0.0401063,0.0248947,0.00061974608809,0.0216795
-0.0267455,0.0276369,0.00076379824161,0.0172339
0.000164841,0.0649328,0.00421626851584,0.00304567
0.0624081,0.114024,0.013001472576,0.0010659
0.0880337,0.0497812,0.00247816787344,0.0054479
-0.00815333,0.0091841,8.434769281e-05,0.196214
0.0378531,0.0951995,0.00906294480025,0.00152849
-0.0212098,0.0157905,0.00024933989025,0.0555333
-0.0361892,0.024698,0.000609991204,0.0220677
-0.0361892,0.024698,0.000609991204,0.0220677
-0.00771951,0.00918806,8.44204465636e-05,0.195881
-0.0296169,0.0437968,0.00191815969024,0.00674272
-0.0361864,0.0246976,0.00060997144576,0.022067
-0.0359763,0.0248604,0.00061803948816,0.021772
-0.0371652,0.0246808,0.00060914188864,0.0220985
-0.0361864,0.0246976,0.00060997144576,0.022067
0.0164826,0.00730642,5.33837732164e-05,0.551476
0.0116387,0.00728417,5.30591325889e-05,0.511138
0.00194645,0.0305847,0.00093542387409,0.0145819
-0.0362023,0.0246986,0.00061002084196,0.022069
0.0561113,0.0957179,0.00916191638041,0.00141081
0.0149434,0.00730465,5.33579116225e-05,0.533376
0.0110986,0.00728457,5.30649600849e-05,0.511372
-0.0391744,0.0248772,0.00061887507984,0.0217103
0.00279517,0.126934,0.016112240356,0.000820408
-0.0267451,0.0276364,0.00076377060496,0.0172334
0.0161963,0.00730728,5.33963409984e-05,0.551673
-0.0369649,0.0247152,0.00061084111104,0.0220375
-0.0267451,0.0276364,0.00076377060496,0.0172334
-0.0361864,0.0246976,0.00060997144576,0.022067
0.015109,0.00730466,5.33580577156e-05,0.533325
-0.0368484,0.0247062,0.00061039631844,0.0220516
-0.0361864,0.0246976,0.00060997144576,0.022067
0.0116275,0.00728366,5.30517029956e-05,0.511214
0.0116839,0.00728341,5.30480612281e-05,0.511198
-0.0368484,0.0247062,0.00061039631844,0.0220516
-0.0368484,0.0247062,0.00061039631844,0.0220516
-0.0368484,0.0247062,0.00061039631844,0.0220516
-0.014072,0.0104115,0.00010839933225,0.143308
0.011922,0.00728261,5.30364084121e-05,0.511882
-0.0362712,0.024697,0.000609941809,0.0220683
-0.0514583,0.0222876,0.00049673711376,0.0274345
-0.0377132,0.0247232,0.00061123661824,0.0220234
-0.0325274,0.0275865,0.00076101498225,0.0172964
-0.0267672,0.0276356,0.00076372638736,0.0172323
-0.00194084,0.0235283,0.00055358090089,0.024461
-0.0113765,0.0072977,5.325642529e-05,0.49627
-0.0369649,0.0247152,0.00061084111104,0.0220375
-0.0362712,0.024697,0.000609941809,0.0220683
0.0116177,0.00728318,5.30447109124e-05,0.512036
-0.0362692,0.0247061,0.00061039137721,0.0220516
0.016503,0.00730485,5.33608335225e-05,0.55237
0.016503,0.00730485,5.33608335225e-05,0.55237
-0.00762481,0.00916956,8.40808305936e-05,0.196894
0.0115539,0.00728356,5.30502462736e-05,0.512052
0.00448063,0.03623,0.0013126129,0.0102427
-0.0368484,0.0247062,0.00061039631844,0.0220516
-0.0368484,0.0247062,0.00061039631844,0.0220516
-0.0192541,0.017679,0.000312547041,0.0438778
-0.0398483,0.024886,0.000619312996,0.0216949
-0.0368484,0.0247062,0.00061039631844,0.0220516
-0.0361864,0.0246976,0.00060997144576,0.022067
-0.0361864,0.0246976,0.00060997144576,0.022067
0.00729935,0.0143564,0.00020610622096,0.92953
-0.0368484,0.0247062,0.00061039631844,0.0220516
0.0165179,0.00730577,5.33742752929e-05,0.55233
-0.0361864,0.0246976,0.00060997144576,0.022067
0.0115688,0.00728304,5.30426716416e-05,0.512067
-0.0198872,0.0350216,0.00122651246656,0.0109203
-0.0361864,0.0246976,0.00060997144576,0.022067
-0.0113282,0.00729753,5.32539441009e-05,0.496301
0.0165297,0.00730501,5.33631711001e-05,0.552326
0.0734801,0.0876765,0.00768716865225,0.00172904
-0.105971,0.0757104,0.00573206466816,0.00233046
-0.123958,0.132377,0.017523670129,0.000787839
-0.0368484,0.0247062,0.00061039631844,0.0220516
0.0115688,0.00728304,5.30426716416e-05,0.512067
-0.0361864,0.0246976,0.00060997144576,0.022067
-0.0361864,0.0246976,0.00060997144576,0.022067
-0.0361864,0.0246976,0.00060997144576,0.022067
-0.0353126,0.0246891,0.00060955165881,0.0220824
-0.0115661,0.060395,0.003647556025,0.00363456
-0.0361864,0.0246976,0.00060997144576,0.022067
-0.0365589,0.0247064,0.00061040620096,0.0220522
-0.0358098,0.0246804,0.00060912214416,0.0220978
-0.0267672,0.0276356,0.00076372638736,0.0172323
-0.0392011,0.0248773,0.00061888005529,0.021717
0.0164733,0.00730512,5.33647782144e-05,0.552356
-0.0361864,0.0246976,0.00060997144576,0.022067
-0.0319263,0.072232,0.005217461824,0.00258082
0.016835,0.00730452,5.33560124304e-05,0.552171
0.0115688,0.00728304,5.30426716416e-05,0.512067
-0.0361864,0.0246976,0.00060997144576,0.022067
0.0553112,0.0885003,0.00783230310009,0.00177601
-0.0361864,0.0246976,0.00060997144576,0.022067
0.0167786,0.00730435,5.33535289225e-05,0.552187
-0.0267672,0.0276356,0.00076372638736,0.0172323
-0.00871165,0.0274781,0.00075504597961,0.0180594
0.0168009,0.00730397,5.33479777609e-05,0.55217
0.0119102,0.00728246,5.30342236516e-05,0.511881
-0.0985723,0.130975,0.017154450625,0.000803337
-0.0361864,0.0246976,0.00060997144576,0.022067
-0.0368484,0.0247062,0.00061039631844,0.0220516
-0.0361864,0.0246976,0.00060997144576,0.022067
-0.0361864,0.0246976,0.00060997144576,0.022067
-0.0361864,0.0246976,0.00060997144576,0.022067
0.0153252,0.00730239,5.33248997121e-05,0.534024
0.00604838,0.0154976,0.00024017560576,0.0588383
0.015838,0.00737603,5.44058185609e-05,0.544714
0.0279245,0.0448725,0.00201354125625,0.00678897
0.0352084,0.0449268,0.00201841735824,0.00674246
-0.0368484,0.0247062,0.00061039631844,0.0220516
-0.0390599,0.0247314,0.00061164214596,0.0220073
-0.0368484,0.0247062,0.00061039631844,0.0220516
-0.0394317,0.0248859,0.00061930801881,0.0216942
0.0168359,0.0073043,5.335279849e-05,0.552156
0.0168347,0.00730415,5.33506072225e-05,0.552154
-0.0361864,0.0246976,0.00060997144576,0.022067
-0.00804186,0.00916679,8.40300389041e-05,0.196947
-0.0362692,0.0247061,0.00061039137721,0.0220516
-0.0362692,0.0247061,0.00061039137721,0.0220516
-0.0362692,0.0247061,0.00061039137721,0.0220516
-0.0384788,0.0247313,0.00061163719969,0.0220073
-0.0362692,0.0247061,0.00061039137721,0.0220516
0.0135698,0.0342635,0.00117398743225,0.0115572
0.0193822,0.0126778,0.00016072661284,0.0917559
0.0119287,0.0072821,5.302898041e-05,0.511865
-0.0362692,0.0247061,0.00061039137721,0.0220516
0.0165303,0.0073057,5.337325249e-05,0.551468
-0.0362692,0.0247061,0.00061039137721,0.0220516
-0.0362692,0.0247061,0.00061039137721,0.0220516
-0.0362692,0.0247061,0.00061039137721,0.0220516
0.0153594,0.00730232,5.33238773824e-05,0.533993
-0.0362692,0.0247061,0.00061039137721,0.0220516
-0.0369317,0.0247147,0.00061081639609,0.0220361
-0.0370484,0.0247237,0.00061126134169,0.0220221
0.0153594,0.00730232,5.33238773824e-05,0.533993
-0.0391744,0.0248772,0.00061887507984,0.0217103
0.0119229,0.00728185,5.30253394225e-05,0.51188
0.100873,0.0916675,0.00840293055625,0.00156289
-0.0362692,0.0247061,0.00061039137721,0.0220516
-0.0362692,0.0247061,0.00061039137721,0.0220516
-0.0363692,0.024701,0.000610139401,0.0220522
-0.0307606,0.0533833,0.00284977671889,0.0046548
0.0165377,0.00730608,5.33788049664e-05,0.551514
-0.0514694,0.0222879,0.00049675048641,0.0274354
-0.0369317,0.0247147,0.00061081639609,0.0220361
-0.0369317,0.0247147,0.00061081639609,0.0220361
-0.0369317,0.0247147,0.00061081639609,0.0220361
-0.0267672,0.0276356,0.00076372638736,0.0172323
0.00799662,0.0304079,0.00092464038241,0.0147697
-0.0369317,0.0247147,0.00061081639609,0.0220361
0.0193424,0.0126851,0.00016091176201,0.0907207
-0.0362692,0.0247061,0.00061039137721,0.0220516
-0.0369317,0.0247147,0.00061081639609,0.0220361
0.0119349,0.0072822,5.303043684e-05,0.511865
0.0165303,0.0073057,5.337325249e-05,0.551468
-0.0362692,0.0247061,0.00061039137721,0.0220516
-0.0362692,0.0247061,0.00061039137721,0.0220516
-0.100025,0.0841647,0.00708369672609,0.00180595
-0.0362692,0.0247061,0.00061039137721,0.0220516
-0.0369317,0.0247147,0.00061081639609,0.0220361
-0.0369317,0.0247147,0.00061081639609,0.0220361
-0.0369317,0.0247147,0.00061081639609,0.0220361
0.0115547,0.00728349,5.30492265801e-05,0.511182
-0.034746,0.0258463,0.00066803122369,0.0200433
-0.0362692,0.0247061,0.00061039137721,0.0220516
-0.0362692,0.0247061,0.00061039137721,0.0220516
-0.0362692,0.0247061,0.00061039137721,0.0220516
0.0163735,0.00730657,5.33859651649e-05,0.551494
-0.0362692,0.0247061,0.00061039137721,0.0220516
-0.0362692,0.0247061,0.00061039137721,0.0220516
-0.0121587,0.0107395,0.00011533686025,0.133666
0.0147272,0.00730477,5.33596647529e-05,0.533476
-0.0267672,0.0276356,0.00076372638736,0.0172323
-0.036093,0.0246972,0.00060995168784,0.0220683
-0.036093,0.0246972,0.00060995168784,0.0220683
-0.0226041,0.0159585,0.00025467372225,0.0544691
-0.0226041,0.0159585,0.00025467372225,0.0544691
0.0119703,0.0072832,5.304500224e-05,0.511142
0.016968,0.00730593,5.33766131649e-05,0.551438
-0.0359892,0.0246989,0.00061003566121,0.022069
0.017189,0.00730572,5.33735447184e-05,0.552121
-0.0356629,0.0246986,0.00061002084196,0.0220683
-0.0357453,0.0247071,0.00061044079041,0.0220529
0.0375575,0.107405,0.011535834025,0.00116308
-0.0231891,0.0139858,0.00019560260164,0.0724566
-0.0385057,0.0248545,0.00061774617025,0.0218042
0.0117688,0.00728355,5.30501006025e-05,0.511586
0.0158566,0.00731078,5.34475042084e-05,0.533588
0.039002,0.0222049,0.00049305758401,0.0278999
0.0141422,0.0125284,0.00015696080656,0.0935556
-0.0431698,0.0250268,0.00062634071824,0.0214687
-0.0402261,0.0248437,0.00061720942969,0.0218257
-0.0402261,0.0248437,0.00061720942969,0.0218257
0.0119682,0.00728413,5.30585498569e-05,0.51165
0.0133998,0.00727185,5.28798024225e-05,0.529744
-0.0241225,0.0203462,0.00041396785444,0.0330108
0.0133998,0.00727185,5.28798024225e-05,0.529744
0.0123065,0.00728354,5.30499549316e-05,0.511464
0.142595,0.0601487,0.00361786611169,0.00378811
0.0116277,0.0523838,0.00274406250244,0.00477831
-0.0402261,0.0248437,0.00061720942969,0.0218257
-0.0112452,0.0325874,0.00106193863876,0.0127919
0.013871,0.0125075,0.00015643755625,0.0938476
-0.0126798,0.0396285,0.00157041801225,0.00837651
0.00812965,0.0110462,0.00012201853444,0.87589
-0.0170199,0.00933957,8.72275677849e-05,0.188314
-0.0402593,0.0248436,0.00061720446096,0.021825
-0.0402593,0.0248436,0.00061720446096,0.021825
-0.0120073,0.00729813,5.32627014969e-05,0.495864
-0.0401676,0.0248354,0.00061679709316,0.0218411
-0.0229315,0.0206559,0.00042666620481,0.0320201
0.00271051,0.0220084,0.00048436967056,0.0282908
0.0133415,0.00727179,5.28789298041e-05,0.529786
0.0173359,0.00731035,5.34412171225e-05,0.551899
-0.0354992,0.018704,0.000349839616,0.0390138
-0.0428467,0.0248772,0.00061887507984,0.0217344
0.0120128,0.00728546,5.30779274116e-05,0.511635
0.0201806,0.0642671,0.00413026014241,0.00319202
-0.0556711,0.085269,0.007270802361,0.00177694
0.0172069,0.00731017,5.34385854289e-05,0.551896
-0.0664629,0.0974095,0.00948861069025,0.00134429
0.0170834,0.00731024,5.34396088576e-05,0.551868
-0.048387,0.111311,0.012390138721,0.00106524
-0.039765,0.0248591,0.00061797485281,0.0217962
-0.0237932,0.0277486,0.00076998480196,0.0171014
0.112441,0.0991586,0.00983242795396,0.00136286
-0.0386933,0.0248681,0.00061842239761,0.0217801
0.0773064,0.0868499,0.00754290513001,0.00175942
-0.0235227,0.0277233,0.00076858136289,0.0171314
0.00369054,0.0458967,0.00210650707089,0.00639002
-0.0177526,0.0320224,0.00102543410176,0.0130328
-0.0119577,0.00728674,5.30965798276e-05,0.49814
0.051676,0.103022,0.010613532484,0.00123575
-0.0393326,0.024877,0.000618865129,0.0217653
-0.0418912,0.0250526,0.00062763276676,0.0214244
-0.0386526,0.0248686,0.00061844726596,0.0217814
-0.00288456,0.0124127,0.00015407512129,0.0948554
0.017608,0.00730783,5.34043793089e-05,0.552424
0.0989935,0.119964,0.014391361296,0.000910972
-0.0392866,0.0249041,0.00062021419681,0.0217217
0.134996,0.117886,0.013897108996,0.000941474
-0.0434255,0.0250973,0.00062987446729,0.0213518
0.0901865,0.0777347,0.00604268358409,0.00223403
0.0186416,0.0359499,0.00129239531001,0.010388
-0.0174602,0.019158,0.000367028964,0.0380285
-0.0434198,0.09851,0.0097042201,0.00131542
0.000731457,0.0739151,0.00546344200801,0.00247686
-0.0254141,0.0277965,0.00077264541225,0.0170448
-0.0395454,0.0248949,0.00061975604601,0.0217364
-0.0427242,0.0249119,0.00062060276161,0.0216747
0.0218594,0.0512705,0.00262866417025,0.00495509
-0.0220078,0.0250044,0.00062522001936,0.0218325
-0.0395382,0.0248953,0.00061977596209,0.0217371
-0.0418234,0.02508,0.0006290064,0.0213807
-0.0395454,0.0248949,0.00061975604601,0.0217364
-0.111738,0.0661562,0.00437664279844,0.00297287
-0.0109859,0.0072947,5.321264809e-05,0.498631
-0.034677,0.0187234,0.00035056570756,0.0389449
-0.0357559,0.0187402,0.00035119509604,0.0388685
-0.0429226,0.0250884,0.00062942781456,0.0213659
0.103879,0.1051,0.01104601,0.00120694
-0.00151153,0.0504679,0.00254700893041,0.0050943
0.0112442,0.0630067,0.00396984424489,0.00331598
-0.013856,0.0124182,0.00015421169124,0.0950692
-0.0445203,0.0251259,0.00063131085081,0.0213357
-0.0409289,0.0250817,0.00062909167489,0.0214438
-0.0842641,0.0936692,0.00877391902864,0.00149022
-0.0243575,0.0278343,0.00077474825649,0.0170009
0.0527028,0.0315995,0.00099852840025,0.0136464
0.120566,0.126912,0.016106655744,0.000834183
-0.0409289,0.0250817,0.00062909167489,0.0214438
-0.0405244,0.0250728,0.00062864529984,0.0214599
-0.0403324,0.025135,0.000631768225,0.0213417
-0.0225901,0.0279109,0.00077901833881,0.0169121
-0.0395217,0.0252051,0.00063529706601,0.0212559
0.0185272,0.0123762,0.00015317032644,0.0982805
-0.0251146,0.0612394,0.00375026411236,0.00356114
-0.0410471,0.0254117,0.00064575449689,0.0209579
-0.044312,0.0256305,0.00065692253025,0.0206106
0.00480344,0.0316218,0.00099993823524,0.0136299
-0.0413962,0.0253836,0.00064432714896,0.0210037
-0.0450723,0.0254291,0.00064663912681,0.020894
-0.0663132,0.094682,0.008964681124,0.00146605
-0.014368,0.0286456,0.00082057039936,0.0161315
-0.0130289,0.00925193,8.55982087249e-05,0.194694
-0.0386106,0.0253899,0.00064464702201,0.0210173
-0.0108347,0.00914535,8.36374266225e-05,0.203412
-0.0224806,0.00893213,7.97829463369e-05,0.211145
-0.0220597,0.00893135,7.97690128225e-05,0.2113
0.014534,0.0556467,0.00309655522089,0.00432469
-0.0178881,0.00936722,8.77448105284e-05,0.183368
-0.0204384,0.00889826,7.91790310276e-05,0.209821
-0.0322308,0.0240054,0.00057625922916,0.0234064
-0.00556901,0.00778786,6.06507633796e-05,0.356586
-0.0313865,0.0240316,0.00057751779856,0.0233518
0.0495983,0.0437666,0.00191551527556,0.00718119
0.0768741,0.143615,0.020625268225,0.000602708
-0.0348752,0.0240367,0.00057776294689,0.0233115
-0.0183314,0.00908083,8.24614734889e-05,0.200578
-0.0316078,0.0239906,0.00057554888836,0.0234358
-0.0194306,0.0287194,0.00082480393636,0.0160298
-0.036279,0.103664,0.010746224896,0.00126774
-0.0199573,0.00889937,7.91987863969e-05,0.209522
-0.00485719,0.0226355,0.00051236586025,0.0263125
0.0388202,0.0421297,0.00177491162209,0.00759888
-0.0303012,0.0239662,0.00057437874244,0.0234836
-0.00986755,0.0175859,0.00030926387881,0.0447162
0.0206985,0.0588504,0.00346336958016,0.00374659
-0.0322885,0.0240524,0.00057851794576,0.0232519
-0.0176207,0.00933679,8.71756475041e-05,0.184725
0.0205203,0.0516012,0.00266268384144,0.00489316
-0.118047,0.0912142,0.00832003028164,0.00156381
-0.00584504,0.0178112,0.00031723884544,0.0436971
-0.00640193,0.0177579,0.00031534301241,0.044007
-0.00582246,0.0178502,0.00031862964004,0.0435622
0.0372556,0.121037,0.014649955369,0.000911929
0.0544899,0.0242631,0.00058869802161,0.0226943
-0.0456081,0.0254512,0.00064776358144,0.0207687
-0.0245214,0.0130168,0.00016943708224,0.0880847
-0.00932796,0.00962663,9.26720051569e-05,0.171343
-0.00482553,0.00896835,8.04313017225e-05,0.203478
-0.0305463,0.0251482,0.00063243196324,0.0211132
-0.00548315,0.00750908,5.63862824464e-05,0.44437
-0.014632,0.0240351,0.00057768603201,0.0231796
-0.00644117,0.0075019,5.627850361e-05,0.4439
-0.00606291,0.00750029,5.62543500841e-05,0.443501
-0.00968615,0.00742535,5.51358226225e-05,0.482511
-0.0121196,0.0239568,0.00057392826624,0.023319
-0.0113823,0.0239494,0.00057357376036,0.0233287
0.064092,0.0872536,0.00761319071296,0.00177793
-0.00801022,0.00743161,5.52288271921e-05,0.458037
0.127236,0.187124,0.035015391376,0.000355344
-0.0107636,0.0239174,0.00057204202276,0.0233832
-0.00873359,0.00741281,5.49497520961e-05,0.482466
-0.00844492,0.00742596,5.51448819216e-05,0.461248
0.00442887,0.0127572,0.00016274615184,0.0901399
0.0144504,0.0078244,6.122123536e-05,0.668651
0.0141314,0.00782451,6.12229567401e-05,0.668758
-0.0125636,0.0238814,0.00057032126596,0.0234546
-0.00163882,0.0122114,0.00014911828996,0.0992633
0.00940017,0.00757342,5.73566904964e-05,0.612019
0.0154119,0.00782003,6.11528692009e-05,0.668963
-0.0223439,0.0161279,0.00026010915841,0.0539424
0.00987509,0.00756742,5.72658454564e-05,0.612067
0.0366975,0.08606,0.0074063236,0.00177628
-0.0266883,0.0682729,0.00466118887441,0.00288919
0.0134148,0.00766998,5.88285932004e-05,0.648315
-0.0280438,0.0212279,0.00045062373841,0.0304557
-0.00919598,0.00738345,5.45153339025e-05,0.459911
-0.0183442,0.0151649,0.00022997419201,0.0603435
-0.0160978,0.0329688,0.00108694177344,0.0124515
-0.00198673,0.012212,0.000149132944,0.0990002
0.0847165,0.0361224,0.00130482778176,0.0102641
-0.00918983,0.00735062,5.40316143844e-05,0.462491
0.02209,0.0311791,0.00097213627681,0.0137052
-0.00287323,0.00978455,9.57374187025e-05,0.166729
-0.00886858,0.00734679,5.39753233041e-05,0.462768
-0.0627178,0.0382395,0.00146225936025,0.00892196
0.084615,0.0360942,0.00130279127364,0.0102796
0.0255425,0.088986,0.007918508196,0.0016428
0.0125406,0.00765228,5.85573891984e-05,0.648566
-0.0115897,0.00732928,5.37183453184e-05,0.472285
0.0356774,0.02939,0.0008637721,0.0156056
-0.0179345,0.0235889,0.00055643620321,0.0240511
0.0014481,0.00857021,7.34484994441e-05,0.245976
-0.00761927,0.0073288,5.371130944e-05,0.477359
0.0134301,0.00764551,5.84538231601e-05,0.649641
-0.0164025,0.0236482,0.00055923736324,0.0239145
0.0104433,0.0147326,0.00021704950276,0.0646141
-0.0148643,0.00989084,9.78287159056e-05,0.160665
0.0116879,0.0151941,0.00023086067481,0.0607947
0.0224671,0.0311052,0.00096753346704,0.013767
-0.0097243,0.0108306,0.00011730189636,0.130939
-0.0575585,0.136856,0.018729564736,0.00069597
0.0143176,0.00750241,5.62861558081e-05,0.61276
0.0133572,0.00764387,5.84287485769e-05,0.649574
0.00409439,0.0238519,0.00056891313361,0.0235269
-0.0143919,0.0245453,0.00060247175209,0.0222778
-0.0234884,0.0212141,0.00045003803881,0.0304889
-0.00284334,0.077106,0.005945335236,0.00214553
0.013236,0.00764056,5.83781571136e-05,0.649521
-0.0234884,0.0212141,0.00045003803881,0.0304889
0.0274451,0.0258034,0.00066581545156,0.979726
-0.01653,0.0236476,0.00055920898576,0.0239167
0.0242963,0.0310702,0.00096535732804,0.0137975
0.0140877,0.00749887,5.62330512769e-05,0.612789
0.0141192,0.00749835,5.62252527225e-05,0.612769
-0.00911595,0.00732692,5.36837566864e-05,0.463006
-0.104466,0.0746872,0.00557817784384,0.00241135
0.0849502,0.0578544,0.00334713159936,0.00390454
-0.0165454,0.0236476,0.00055920898576,0.0239182
-0.00918013,0.0108222,0.00011712001284,0.131019
-0.0747853,0.0488866,0.00238989965956,0.00570366
-0.0783334,0.101676,0.010338008976,0.00123518
0.0695941,0.0342868,0.00117558465424,0.0114143
0.0160658,0.0075938,5.766579844e-05,0.636334
-0.0240073,0.021211,0.000449906521,0.0304646
0.0128462,0.00764105,5.83856451025e-05,0.649661
0.0158224,0.00759731,5.77191192361e-05,0.63713
0.0257198,0.0310154,0.00096195503716,0.0138524
0.0157398,0.00759763,5.77239816169e-05,0.637239
-0.0111913,0.00731486,5.35071768196e-05,0.472466
0.0157541,0.00759753,5.77224621009e-05,0.637234
-0.00553013,0.0103626,0.00010738347876,0.145469
0.0157527,0.00759734,5.77195750756e-05,0.637277
0.0695941,0.0342868,0.00117558465424,0.0114143
0.00522224,0.0127078,0.00016148818084,0.0902676
0.0143777,0.00749742,5.62113066564e-05,0.612704
0.0142018,0.00749673,5.62009606929e-05,0.612666
0.0246366,0.031069,0.000965282761,0.0137949
0.0053083,0.0127061,0.00016144497721,0.0902931
0.0053083,0.0127061,0.00016144497721,0.0902931
0.0695941,0.0342868,0.00117558465424,0.0114143
0.0140529,0.00749449,5.61673803601e-05,0.612579
0.0594858,0.0371978,0.00138367632484,0.00970256
0.0142858,0.00749739,5.62108568121e-05,0.612897
0.0142805,0.00749797,5.62195541209e-05,0.61293
0.0142709,0.0074918,5.612706724e-05,0.612627
0.0706395,0.0342153,0.00117068675409,0.0114741
0.0128691,0.00763166,5.82422343556e-05,0.64925
0.047691,0.0380632,0.00144880719424,0.00924372
-0.0115246,0.00729992,5.32888320064e-05,0.472304
0.0539699,0.0514502,0.00264712308004,0.00504427
0.0169796,0.0168183,0.00028285521489,0.0491124
0.0056051,0.0126927,0.00016110463329,0.0901126
0.0160443,0.0305058,0.00093060383364,0.0143086
0.0119396,0.00762126,5.80836039876e-05,0.653581
-0.00216342,0.0306793,0.00094121944849,0.0142162
-0.00343199,0.0111076,0.00012337877776,0.122206
0.0628066,0.094132,0.008860833424,0.00148405
0.00449096,0.0126358,0.00015966344164,0.0908978
0.0765599,0.0522204,0.00272697017616,0.00491752
-0.00662958,0.0328399,0.00107845903201,0.0123705
0.0152314,0.0864691,0.00747690525481,0.00174825
0.00380331,0.0113981,0.00012991668361,0.113441
-0.0126342,0.0246881,0.00060950228161,0.021988
-0.0200623,0.047427,0.002249320329,0.00591496
-0.0205316,0.0209532,0.00043903659024,0.0311283
-0.00351856,0.0946716,0.00896271184656,0.00146936
-0.0203008,0.0209584,0.00043925453056,0.0311128
-0.0203008,0.0209584,0.00043925453056,0.0311128
0.0177026,0.0823226,0.00677701047076,0.00193331
-0.00994744,0.00727083,5.28649688889e-05,0.470091
-0.010021,0.00727123,5.28707857129e-05,0.470227
-0.0214013,0.0207777,0.00043171281729,0.0316538
0.0282399,0.0704608,0.00496472433664,0.00260054
-0.0786414,0.0803901,0.00646256817801,0.00202893
-0.065108,0.0776517,0.00602978651289,0.00218347
0.0185751,0.00888326,7.89123082276e-05,0.227658
-0.0641259,0.0917172,0.00841204477584,0.00154693
0.0701352,0.0342628,0.00117393946384,0.0114727
0.0195953,0.00887735,7.88073430225e-05,0.228133
0.00442983,0.0114149,0.00013029994201,0.113199
-0.0124688,0.0247038,0.00061027773444,0.0219431
0.0113721,0.011869,0.000140873161,0.103679
0.00717768,0.00738936,5.46026412096e-05,0.597866
0.0311834,0.0469831,0.00220741168561,0.00623329
-0.0667922,0.0371982,0.00138370608324,0.00988296
0.033442,0.0354872,0.00125934136384,0.0105079
-0.0117916,0.0246865,0.00060942328225,0.0219873
-0.0200778,0.0207617,0.00043104818689,0.0316643
0.011688,0.011872,0.000140944384,0.10369
0.0268196,0.0498756,0.00248757547536,0.00530795
0.0144898,0.0156629,0.00024532643641,0.059369
-0.0301193,0.0131345,0.00017251509025,0.08281
-0.00496847,0.0768226,0.00590171187076,0.00227928
-0.0190435,0.0209279,0.00043797699841,0.0312026
0.19792,0.17942,0.0321915364,0.000386411
-0.00710035,0.0312161,0.00097444489921,0.0137249
0.021249,0.0302191,0.00091319400481,0.0146101
0.2446,0.145525,0.021177525625,0.000696573
0.0216383,0.0302357,0.00091419755449,0.0145947
0.0367917,0.0504161,0.00254178313921,0.00519979
-0.0835913,0.066315,0.004397679225,0.00293863
0.0700681,0.0654253,0.00428046988009,0.00314875
-0.0680095,0.0373267,0.00139328253289,0.00940163
-0.0200898,0.0207613,0.00043103157769,0.0316778
0.00504619,0.011438,0.000130827844,0.112868
0.0206631,0.0303007,0.00091813242049,0.0145357
0.188999,0.205794,0.042351170436,0.000340073
-0.0206971,0.0208357,0.00043412639449,0.0314422
0.000508512,0.0294634,0.00086809193956,0.0152003
-0.0213923,0.0207247,0.00042951319009,0.0317424
-0.00227759,0.0121277,0.00014708110729,0.0996033
-0.018008,0.00975926,9.52431557476e-05,0.164133
0.0216383,0.0302357,0.00091419755449,0.0145947
-0.00990668,0.00724761,5.25278507121e-05,0.470229
-0.0211396,0.0207202,0.00042932668804,0.0317588
0.0112006,0.00759155,5.76316314025e-05,0.653194
0.0225623,0.0289684,0.00083916819856,0.0160498
0.0210843,0.0302857,0.00091722362449,0.0145493
0.00698234,0.00738515,5.45404405225e-05,0.59855
0.0069564,0.00738599,5.45528482801e-05,0.598414
-0.0154528,0.0246773,0.00060896913529,0.0219887
-0.0387044,0.0689984,0.00476077920256,0.00273672
0.0490075,0.0853054,0.00727701126916,0.00187243
-0.022235,0.0207114,0.00042896208996,0.0317907
-0.0195928,0.0160733,0.00025835097289,0.0540215
-0.0198935,0.0160687,0.00025820311969,0.0540353
-0.0245464,0.0206718,0.00042732331524,0.0319133
-0.0196677,0.0160707,0.00025826739849,0.0540231
-0.0137986,0.0246931,0.00060974918761,0.0219465
0.0141909,0.011905,0.000141729025,0.103365
0.0112563,0.00760598,5.78509317604e-05,0.653419
0.0201431,0.0302655,0.00091600049025,0.0145603
-0.0183817,0.0160824,0.00025864358976,0.0539442
-0.021055,0.0117688,0.00013850465344,0.110162
-0.0123018,0.00726092,5.27209592464e-05,0.479557
0.0136771,0.0119047,0.00014172188209,0.10337
0.0136557,0.0119105,0.00014186001025,0.103303
0.0204889,0.0302503,0.00091508065009,0.0145766
-0.0181843,0.0160852,0.00025873365904,0.0539337
0.01096,0.00760566,5.78460640356e-05,0.653458
-0.0123481,0.00726296,5.27505879616e-05,0.479504
0.0109691,0.00760577,5.78477372929e-05,0.653463
0.0306325,0.0210265,0.00044211370225,0.030617
0.0303795,0.0352687,0.00124388119969,0.0107697
0.0322669,0.0391834,0.00153533883556,0.00860917
0.0143203,0.0303971,0.00092398368841,0.0144223
0.0590098,0.117867,0.013892629689,0.000910185
-0.0197433,0.0160745,0.00025838955025,0.054011
-0.0096063,0.00727412,5.29128217744e-05,0.470181
-0.00959939,0.00727406,5.29119488836e-05,0.470182
-0.0137927,0.0246925,0.00060971955625,0.0219451
-0.0137798,0.0246928,0.00060973437184,0.0219458
-0.00959288,0.00727426,5.29148585476e-05,0.470233
0.0737769,0.0385801,0.00148842411601,0.00892746
-0.0582789,0.0654592,0.00428490686464,0.00310233
0.0204889,0.0302503,0.00091508065009,0.0145766
0.00621617,0.0615166,0.00378429207556,0.00347254
-0.0240509,0.0208468,0.00043458907024,0.03139
0.0111182,0.00760767,5.78766428289e-05,0.653417
0.00604515,0.0126913,0.00016106909569,0.0900528
0.0731921,0.133832,0.017911004224,0.00075664
0.0278259,0.0353515,0.00124972855225,0.0107134
-0.0190797,0.0158708,0.00025188229264,0.0558146
-0.0245741,0.0206795,0.00042764172025,0.0319027
-0.0137558,0.0246841,0.00060930479281,0.0219612
0.00673903,0.00740084,5.47724327056e-05,0.59866
0.0145973,0.00728505,5.30719535025e-05,0.549043
0.0260772,0.0291012,0.00084687984144,0.0157719
-0.0199316,0.0781999,0.00611522436001,0.0021993
-0.0193874,0.0160687,0.00025820311969,0.0540541
-0.0212993,0.0674229,0.00454584744441,0.00282931
-0.0726204,0.038337,0.001469725569,0.00888113
-0.00596999,0.0298285,0.00088973941225,0.0148435
0.0188866,0.0302661,0.00091603680921,0.0145621
-0.0220658,0.0207036,0.00042863905296,0.0318255
0.092552,0.0864914,0.00748076227396,0.00177936
-0.0125029,0.00726381,5.27629357161e-05,0.479418
-0.0381954,0.0777012,0.00603747648144,0.00218145
-0.0125498,0.00726521,5.27832763441e-05,0.47951
0.100106,0.0765269,0.00585636642361,0.00222291
0.0138878,0.0119017,0.00014165046289,0.103457
0.0475343,0.12447,0.0154927809,0.000834647
0.0109549,0.00760775,5.78778600625e-05,0.653452
0.020582,0.0302502,0.00091507460004,0.0145775
0.0110318,0.00760714,5.78685789796e-05,0.65338
-0.0176923,0.0171563,0.00029433862969,0.0470383
-0.0476897,0.0936523,0.00877075329529,0.00156091
-0.0184732,0.0160843,0.00025870470649,0.0539767
-0.00217568,0.0226717,0.00051400598089,0.0262793
0.0137772,0.0119034,0.00014169093156,0.103433
0.0144844,0.00728272,5.30380105984e-05,0.548929
-0.00968109,0.00813065,6.61074694225e-05,0.27692
-0.0148509,0.0246932,0.00060975412624,0.0219753
-0.0225314,0.0206952,0.00042829130304,0.0318524
-0.0148509,0.0246932,0.00060975412624,0.0219753
-0.0652827,0.0952325,0.00906922905625,0.0014516
-0.0148758,0.0247019,0.00061018386361,0.0219599
0.175614,0.0980369,0.00961123376161,0.00136113
0.0110462,0.00761005,5.79128610025e-05,0.65331
-0.0219631,0.0208636,0.00043528980496,0.0313407
0.0289448,0.0365092,0.00133292168464,0.0100352
-0.0191931,0.0160877,0.00025881409129,0.0539529
0.00297029,0.0609488,0.00371475622144,0.00354938
-0.0126847,0.00726821,5.28268766041e-05,0.479423
-0.0083344,0.023679,0.000560695041,0.0240895
0.011249,0.00761049,5.79195580401e-05,0.653459
0.0214121,0.0302326,0.00091401010276,0.0146052
0.0118971,0.00800075,6.40120005625e-05,0.690799
-0.0760023,0.0386046,0.00149031514116,0.00875351
0.0282559,0.0365066,0.00133273184356,0.0100349
-0.0132752,0.0247298,0.00061156300804,0.0219156
-0.00226008,0.0226924,0.00051494501776,0.0262216
0.00880251,0.0204699,0.00041901680601,0.0320064
-0.0218475,0.0208988,0.00043675984144,0.0312326
0.0105857,0.00760536,5.78415007296e-05,0.653436
-0.0116013,0.0143849,0.00020692534801,0.0683533
0.0179913,0.0302969,0.00091790214961,0.0145634
0.00449399,0.0096351,9.283515201e-05,0.171556
0.0134468,0.0985422,0.00971056518084,0.00134583
-0.142649,0.0785389,0.00616835881321,0.00223966
-0.0220074,0.0209143,0.00043740794449,0.0311892
-0.0115856,0.0143913,0.00020710951569,0.0683042
-0.0115014,0.0143901,0.00020707497801,0.0683217
0.0136714,0.0119588,0.00014301289744,0.102549
-0.0206409,0.0286658,0.00082172808964,0.0165733
0.0039758,0.00964227,9.29733707529e-05,0.171551
0.00406139,0.00964244,9.29766491536e-05,0.17135
0.0158827,0.0303616,0.00092182675456,0.0144655
-0.0136525,0.0247027,0.00061022338729,0.021931
0.0158405,0.0303616,0.00092182675456,0.0144646
-0.0224207,0.0207294,0.00042970802436,0.0317424
0.0682808,0.0903295,0.00815941857025,0.00163109
-0.0219809,0.0207244,0.00042950075536,0.0317578
0.157145,0.153907,0.023687364649,0.000541092
0.00396498,0.00964134,9.29554369956e-05,0.17137
-0.154171,0.0427642,0.00182877680164,0.0072946
-0.0289499,0.0856833,0.00734162789889,0.00177897
0.00998188,0.0303614,0.00092181460996,0.014465
0.00437715,0.00963402,9.28143413604e-05,0.171478
-0.0132947,0.0247293,0.00061153827849,0.0218861
0.00444501,0.00963395,9.28129926025e-05,0.171499
0.00453454,0.0096338,9.281010244e-05,0.171509
0.00523391,0.0106392,0.00011319257664,0.13463
0.0173722,0.0303123,0.00091883553129,0.0145263
0.010704,0.00760785,5.78793816225e-05,0.653584
0.023361,0.0213041,0.00045386467681,0.0299133
-0.0136525,0.0247027,0.00061022338729,0.021931
-0.004919,0.0418358,0.00175023416164,0.00770891
0.0186263,0.0302963,0.00091786579369,0.0145412
-0.0136525,0.0247027,0.00061022338729,0.021931
0.0139548,0.0119599,0.00014303920801,0.102563
0.015814,0.0303609,0.00092178424881,0.0144637
-0.262559,0.169494,0.028728216036,0.000449222
-0.0129748,0.0246666,0.00060844115556,0.0219619
-0.0122545,0.00727146,5.28741305316e-05,0.479394
0.00444435,0.00963182,9.27719565124e-05,0.171555
0.0106658,0.00760899,5.78967288201e-05,0.652521
-0.141032,0.0724465,0.00524849536225,0.00262702
0.0138257,0.0119582,0.00014299854724,0.102531
-0.0136525,0.0247027,0.00061022338729,0.021931
0.0138227,0.0119591,0.00014302007281,0.102515
0.0104299,0.00760633,5.78562560689e-05,0.65348
0.0139206,0.0304103,0.00092478634609,0.0144179
0.0102483,0.00788723,6.22083970729e-05,0.565647
0.152093,0.105074,0.011040545476,0.00125749
-0.0210043,0.0320658,0.00102821552964,0.012997
-0.0103508,0.0122887,0.00015101214769,0.0990762
-0.030159,0.0406188,0.00164988691344,0.00812551
0.00215258,0.0191687,0.00036743905969,0.0368657
-0.0233424,0.0222089,0.00049323523921,0.027742
-0.0513227,0.0426446,0.00181856190916,0.00733496
0.0169648,0.0620953,0.00385582628209,0.0034106
-0.114791,0.031536,0.000994519296,0.0136024
0.0190006,0.0302461,0.00091482656521,0.0145571
0.00496258,0.0106416,0.00011324365056,0.134481
0.00487968,0.0106361,0.00011312662321,0.134625
0.0122498,0.0493081,0.00243128872561,0.00551264
-0.0136525,0.0247027,0.00061022338729,0.021931
0.0225482,0.0295867,0.00087537281689,0.0153166
0.0230873,0.0301635,0.00090983673225,0.0146419
0.0134251,0.029593,0.000875745649,0.0150936
0.0296906,0.0719355,0.00517471616025,0.00255229
0.0186348,0.0302967,0.00091789003089,0.0145263
0.00211233,0.0295522,0.00087333252484,0.0151281
-0.0120495,0.0606774,0.00368174687076,0.00356459
-0.01203,0.00726323,5.27545100329e-05,0.480602
-0.0115981,0.00726504,5.27808062016e-05,0.480691
0.00541595,0.0105968,0.00011229217024,0.135869
0.0202532,0.03028,0.0009168784,0.0145529
-0.0340868,0.0674285,0.00454660261225,0.00293908
0.00517675,0.0106294,0.00011298414436,0.134849
0.0159694,0.0303774,0.00092278643076,0.0144329
-0.0118407,0.00727624,5.29436685376e-05,0.480738
0.000491573,0.0907483,0.00823525395289,0.00159978
0.0101763,0.00762193,5.80938169249e-05,0.654039
-0.0549355,0.0946495,0.00895852785025,0.00148985
-0.0215177,0.0209539,0.00043906592521,0.0310907
0.0140183,0.0119503,0.00014280967009,0.10275
-0.00882683,0.0323957,0.00104948137849,0.0127589
0.0855333,0.0374999,0.00140624250001,0.00948421
-0.00137651,0.0225783,0.00050977963089,0.026487
0.0186714,0.0303474,0.00092096468676,0.0144814
-0.0279813,0.0129835,0.00016857127225,0.0851251
0.0159402,0.0163514,0.00026736828196,0.0529717
-0.0163707,0.0246348,0.00060687337104,0.0220693
-0.0119594,0.00727648,5.29471611904e-05,0.480835
-0.0119237,0.00727676,5.29512360976e-05,0.48085
-0.0163707,0.0246348,0.00060687337104,0.0220693
0.0257092,0.00977494,9.55494520036e-05,0.17807
-0.0690603,0.0830796,0.00690221993616,0.00185271
0.00387741,0.00964035,9.29363481225e-05,0.171532
0.00777302,0.0101874,0.00010378311876,0.149369
0.00646475,0.0106214,0.00011281413796,0.134869
0.0053292,0.0106283,0.00011296076089,0.134762
-0.207333,0.086045,0.007403742025,0.00176002
-0.0577146,0.0502332,0.00252337438224,0.00527488
0.00673562,0.0101621,0.00010326827641,0.149824
0.012861,0.0119155,0.00014197914025,0.103156
0.0102321,0.00760417,5.78234013889e-05,0.654033
0.0102153,0.00760394,5.78199035236e-05,0.654044
-0.0203584,0.0209358,0.00043830772164,0.0311352
-0.0138763,0.0129166,0.00016683855556,0.0864913
0.0170333,0.0304954,0.00092996942116,0.0143258
-0.0222885,0.0525523,0.00276174423529,0.00480754
0.0198961,0.0304308,0.00092603358864,0.0144042
0.00713435,0.0101554,0.00010313214916,0.149943
-0.0454238,0.0744152,0.00553762199104,0.00234297
0.00673263,0.0101517,0.00010305701289,0.150119
-0.130001,0.0726722,0.00528124865284,0.00251975
0.00486789,0.01059,0.0001121481,0.135349
0.0102749,0.0076043,5.782537849e-05,0.654024
-0.0166056,0.0246099,0.00060564717801,0.0221108
-0.0213286,0.0209511,0.00043894859121,0.0310908
-0.017606,0.0246272,0.00060649897984,0.0220659
0.112123,0.0414156,0.00171525192336,0.00779727
-0.0116136,0.00726093,5.27211044649e-05,0.481172
0.0130312,0.0119193,0.00014206971249,0.103086
0.0841184,0.0538806,0.00290311905636,0.00459824
0.00690502,0.0101555,0.00010313418025,0.149915
0.0134106,0.0118711,0.00014092301521,0.103891
0.00690502,0.0101555,0.00010313418025,0.149915
0.00692182,0.0101546,0.00010311590116,0.149937
0.00690502,0.0101555,0.00010313418025,0.149915
0.00690502,0.0101555,0.00010313418025,0.149915
0.00690502,0.0101555,0.00010313418025,0.149915
0.00690502,0.0101555,0.00010313418025,0.149915
0.00690502,0.0101555,0.00010313418025,0.149915
0.00690502,0.0101555,0.00010313418025,0.149915
0.00690502,0.0101555,0.00010313418025,0.149915
0.00690502,0.0101555,0.00010313418025,0.149915
0.00690502,0.0101555,0.00010313418025,0.149915
0.00690502,0.0101555,0.00010313418025,0.149915
0.0757476,0.0898276,0.00806899772176,0.00162438
0.0100362,0.00761425,5.79768030625e-05,0.652846
0.0102417,0.00760541,5.78422612681e-05,0.653998
0.00690502,0.0101555,0.00010313418025,0.149915
-0.0556869,0.0571842,0.00327003272964,0.0040395
-0.00759178,0.0174414,0.00030420243396,0.0455584
-0.0278738,0.0128897,0.00016614436609,0.0861059
0.0101664,0.00760528,5.78402838784e-05,0.653972
0.00690502,0.0101555,0.00010313418025,0.149915
0.0102308,0.00760456,5.78293327936e-05,0.653968
0.00693888,0.0101558,0.00010314027364,0.149914
0.00693888,0.0101558,0.00010314027364,0.149914
0.00693888,0.0101558,0.00010314027364,0.149914
0.00693888,0.0101558,0.00010314027364,0.149914
-0.00745766,0.0174333,0.00030391994889,0.0456047
0.05725,0.0765429,0.00585881554041,0.00227554
0.00693888,0.0101558,0.00010314027364,0.149914
0.00734799,0.0101401,0.00010282162801,0.15037
0.070716,0.0346056,0.00119754755136,0.0112598
0.00690502,0.0101555,0.00010313418025,0.149915
0.00690502,0.0101555,0.00010313418025,0.149915
0.00690502,0.0101555,0.00010313418025,0.149915
0.00690502,0.0101555,0.00010313418025,0.149915
-0.017606,0.0246272,0.00060649897984,0.0220806
0.00734799,0.0101401,0.00010282162801,0.15037
0.0139814,0.0118551,0.00014054339601,0.104213
0.00690502,0.0101555,0.00010313418025,0.149915
0.00728344,0.0101405,0.00010282974025,0.150359
-0.00754564,0.0174469,0.00030439431961,0.0455627
0.00734799,0.0101401,0.00010282162801,0.15037
0.0104666,0.00760351,5.78133643201e-05,0.653098
-0.00734445,0.0174539,0.00030463862521,0.0454882
0.00681238,0.0101814,0.00010366090596,0.149553
0.0155337,0.0277656,0.00077092854336,0.0177164
-0.0777794,0.0388753,0.00151128895009,0.00865694
0.00229412,0.0236205,0.00055792802025,0.0242604
0.00847222,0.0102028,0.00010409712784,0.149574
0.00778166,0.0102099,0.00010424205801,0.149453
0.00878711,0.010206,0.000104162436,0.149485
0.00481743,0.0102313,0.00010467949969,0.148466
-0.00371707,0.0377052,0.00142168210704,0.00961001
0.0105746,0.00759428,5.76730887184e-05,0.653504
0.0122863,0.00727227,5.28859109529e-05,0.526115
0.011196,0.00751696,5.65046876416e-05,0.63829
0.0109369,0.00759083,5.76207000889e-05,0.652832
0.0121851,0.0072737,5.290671169e-05,0.526422
0.0121851,0.0072737,5.290671169e-05,0.526422
0.0125497,0.00727554,5.29334822916e-05,0.526672
-0.0212082,0.0209608,0.00043935513664,0.0310676
0.0233462,0.0299422,0.00089653534084,0.0147962
0.0114716,0.00726576,5.27912683776e-05,0.504394
-0.0577407,0.0957574,0.00916947965476,0.00142503
0.0127372,0.00727506,5.29264980036e-05,0.526892
0.0127372,0.00727506,5.29264980036e-05,0.526892
0.012813,0.00727583,5.29377021889e-05,0.526927
0.0233511,0.0299578,0.00089746978084,0.0147957
0.0233361,0.0299582,0.00089749374724,0.0147962
0.0126578,0.00727564,5.29349374096e-05,0.526922
0.0215177,0.0300056,0.00090033603136,0.0147504
0.0126681,0.00727702,5.29550200804e-05,0.526864
0.012683,0.00727607,5.29411946449e-05,0.526925
0.0128172,0.00727605,5.29409036025e-05,0.526958
0.012683,0.00727607,5.29411946449e-05,0.526925
0.0233312,0.0299425,0.00089655330625,0.0148116
0.012682,0.00727634,5.29451237956e-05,0.526922
0.0110358,0.00760324,5.78092584976e-05,0.654095
0.0233312,0.0299425,0.00089655330625,0.0147966
0.133301,0.123271,0.015195739441,0.000947529
0.0488926,0.0495709,0.00245727412681,0.00533494
0.0233361,0.0299582,0.00089749374724,0.0147962
0.0126851,0.00727692,5.29535646864e-05,0.526879
0.0233312,0.0299425,0.00089655330625,0.0148116
0.0531334,0.0234141,0.00054822007881,0.0250458
-0.0535215,0.0429685,0.00184629199225,0.00715365
-0.00593813,0.0334256,0.00111727073536,0.0118251
0.0110688,0.00760287,5.78036322369e-05,0.654043
0.0127237,0.00727745,5.29612785025e-05,0.526848
0.0233312,0.0299425,0.00089655330625,0.0147966
-0.00289079,0.013896,0.000193098816,0.0730014
0.0111753,0.00760257,5.77990706049e-05,0.654053
-0.0342855,0.0644561,0.00415458882721,0.00310905
0.0225019,0.0299263,0.00089558343169,0.014827
0.0134129,0.00727785,5.29671006225e-05,0.52662
-0.0936848,0.130925,0.017141355625,0.000773898
0.0225099,0.0299424,0.00089654731776,0.0148121
0.00957228,0.00731859,5.35617595881e-05,0.580425
0.00310481,0.0219902,0.00048356889604,0.0278909
0.00515509,0.012381,0.000153289161,0.900472
0.000128506,0.113994,0.012994632036,0.000971922
-0.0241693,0.0158643,0.00025167601449,0.0555556
0.00785849,0.0525601,0.00276256411201,0.00483047
-0.00940721,0.00725203,5.25919391209e-05,0.477885
-0.0114959,0.00732444,5.36474213136e-05,0.429869
-0.00936614,0.00725245,5.25980310025e-05,0.477868
-0.00925573,0.00725335,5.26110862225e-05,0.477899
0.0273476,0.0230893,0.00053311577449,0.0251751
-0.0793018,0.0649496,0.00421845054016,0.00315438
0.00399206,0.0115241,0.00013280488081,0.112035
0.00689827,0.014525,0.000210975625,0.067277
-0.00933835,0.00725275,5.26023825625e-05,0.477938
-0.0123373,0.0324201,0.00105106288401,0.0123647
-0.00945827,0.0816959,0.00667422007681,0.00194643
-0.00638689,0.024518,0.000601132324,0.0222935
0.00808507,0.00734521,5.39521099441e-05,0.590587
-0.0114195,0.00732421,5.36440521241e-05,0.429797
-0.0738494,0.0807083,0.00651382968889,0.00196054
0.124374,0.0785038,0.00616284661444,0.00220924
0.00332442,0.0115285,0.00013290631225,0.111932
-0.0598215,0.0627197,0.00393376076809,0.0032792
0.0103761,0.0291807,0.00085151325249,0.0154693
0.0211911,0.046329,0.002146376241,0.00619069
0.0273829,0.0230953,0.00053339288209,0.0251581
0.0166476,0.0494932,0.00244957684624,0.00538065
0.00805137,0.00734635,5.39688583225e-05,0.409357
-0.056701,0.119955,0.014389202025,0.000912776
-0.0115407,0.00732546,5.36623642116e-05,0.570099
-0.0122417,0.00729793,5.32597822849e-05,0.547277
0.00159696,0.0105726,0.00011177987076,0.143619
0.022151,0.0298745,0.00089248575025,0.0151529
-0.00911378,0.00725695,5.26633233025e-05,0.522213
0.00793695,0.00734878,5.40045674884e-05,0.409578
-0.0805481,0.0803669,0.00645883861561,0.00197628
-0.0090363,0.00725675,5.26604205625e-05,0.522259
-0.0124844,0.00739438,5.46768555844e-05,0.587147
0.0280881,0.0229919,0.00052862746561,0.025377
0.0104084,0.101035,0.010208071225,0.00125116
0.0984452,0.0893552,0.00798435176704,0.00173182
0.0108277,0.0292228,0.00085397203984,0.0154079
-0.0744237,0.0898051,0.00806495598601,0.00163114
0.0263775,0.0230945,0.00053335593025,0.0251326
0.0279816,0.0230672,0.00053209571584,0.0252097
-0.00983926,0.00726009,5.27089068081e-05,0.522016
-0.00958202,0.00725914,5.26951135396e-05,0.521954
0.0191364,0.0656298,0.00430727064804,0.00299688
0.0218987,0.0234119,0.00054811706161,0.0244561
-0.00969566,0.00726214,5.27386773796e-05,0.522042
0.020017,0.0298121,0.00088876130641,0.0152449
0.0828337,0.0565186,0.00319435214596,0.00409912
0.00781304,0.029807,0.000888457249,0.0153288
0.0533598,0.0531931,0.00282950588761,0.00469338
0.00585876,0.0224327,0.00050322602929,0.0268605
0.0497251,0.0275632,0.00075972999424,0.0175452
-0.0100205,0.00726627,5.27986797129e-05,0.52238
-0.00999325,0.00726393,5.27646790449e-05,0.521761
-0.0100968,0.00726271,5.27469565441e-05,0.521847
-0.0101039,0.00726401,5.27658412801e-05,0.521984
-0.0100014,0.00726636,5.27999876496e-05,0.521854
-0.0100014,0.00726636,5.27999876496e-05,0.521854
-0.0100032,0.00726521,5.27832763441e-05,0.521897
0.00904688,0.00736029,5.41738688841e-05,0.409194
-0.0100525,0.00726281,5.27484090961e-05,0.521879
0.00845915,0.00735927,5.41588549329e-05,0.409214
0.00368397,0.0115412,0.00013319929744,0.111775
0.0037744,0.0115631,0.00013370528161,0.111357
0.00438626,0.0115594,0.00013361972836,0.111505
0.00844828,0.00736016,5.41719552256e-05,0.408971
0.0237181,0.0234966,0.00055209021156,0.0243112
0.00854206,0.00736036,5.41748993296e-05,0.408996
0.00367492,0.0115683,0.00013382556489,0.111378
0.00856852,0.00736145,5.41909461025e-05,0.408924
0.00301835,0.0277141,0.00076807133881,0.0169437
-0.00488111,0.00789296,6.22988175616e-05,0.312944
0.104056,0.0657886,0.00432813988996,0.00307726
-0.0252205,0.03114,0.0009696996,0.013939
-0.00996649,0.00726886,5.28363256996e-05,0.521646
-0.00995402,0.00726757,5.28175737049e-05,0.521563
0.105322,0.0423088,0.00179003455744,0.00750425
-0.0738234,0.080708,0.006513781264,0.00196036
-0.00984294,0.00726557,5.27885074249e-05,0.521512
0.00400343,0.0115673,0.00013380242929,0.111324
0.00851733,0.00736318,5.42164197124e-05,0.40883
0.00851195,0.00736725,5.42763725625e-05,0.408475
0.00230223,0.0115914,0.00013436055396,0.110991
-0.0280414,0.0123806,0.00015327925636,0.903988
0.0215482,0.0234282,0.00054888055524,0.0244305
0.0073268,0.00740423,5.48226218929e-05,0.407304
0.00907074,0.00757028,5.73091392784e-05,0.423265
0.0132387,0.0122756,0.00015069035536,0.100736
0.0143096,0.0241154,0.00058155251716,0.0231118
0.0660077,0.0365322,0.00133460163684,0.0101101
0.00964911,0.0078026,6.088056676e-05,0.445392
-0.00959641,0.151656,0.022999542336,0.000635718
0.0120092,0.0125432,0.00015733186624,0.0986633
0.00158106,0.0201289,0.00040517261521,0.0334402
0.00855792,0.00842593,7.09962963649e-05,0.4921
0.0143198,0.0317872,0.00101042608384,0.0134104
-0.0367895,0.0698217,0.00487506979089,0.00267926
0.0138481,0.021605,0.000466776025,0.0290925
0.0208068,0.00917819,8.42391716761e-05,0.772342
0.0136153,0.0074182,5.502969124e-05,0.530352
0.00242187,0.00725627,5.26534543129e-05,0.453316
-0.0052573,0.0127573,0.00016274870329,0.0890621
0.0449872,0.0293969,0.00086417772961,0.0156957
0.0455728,0.0172608,0.00029793521664,0.0459841
0.00562794,0.0163122,0.00026608786884,0.0522473
0.00505983,0.0163198,0.00026633587204,0.0522116
0.00189385,0.0228523,0.00052222761529,0.974423
0.00576673,0.0163094,0.00026599652836,0.0523011
-0.0054454,0.00821824,6.75394686976e-05,0.265236
-0.00949167,0.0088811,7.887393721e-05,0.21241
0.00506012,0.0162907,0.00026538690649,0.0523695
0.00588347,0.0163088,0.00026597695744,0.0522783
-0.0155339,0.0656003,0.00430339936009,0.0031021
-0.0363335,0.0469904,0.00220809769216,0.00608522
-0.0475872,0.0266205,0.00070865102025,0.0187321
-0.00856828,0.00869042,7.55233997764e-05,0.225372
-0.00838789,0.00869082,7.55303522724e-05,0.225313
-0.00487305,0.0126114,0.00015904740996,0.0909932
0.112609,0.0726895,0.00528376341025,0.00251792
0.0971423,0.113113,0.012794550769,0.00105211
-0.0399999,0.0531013,0.00281974806169,0.00461467
-0.00866082,0.00865559,7.49192382481e-05,0.227434
-0.0142734,0.0654114,0.00427865124996,0.00302682
-0.0287231,0.0810693,0.00657223140249,0.00197003
0.0250696,0.0363528,0.00132152606784,0.0100999
-0.00911684,0.00864983,7.48195590289e-05,0.227667
0.000670862,0.0242308,0.00058713166864,0.977285
-0.00929991,0.00864488,7.47339502144e-05,0.227822
-0.0149833,0.0123598,0.00015276465604,0.0985621
-0.0100705,0.00869878,7.56687734884e-05,0.22438
-0.00918406,0.00864886,7.48027792996e-05,0.227731
-0.00988164,0.00864137,7.46732754769e-05,0.228357
0.0102933,0.0131964,0.00017414497296,0.0830825
-0.00874459,0.00865461,7.49022742521e-05,0.227528
0.00506286,0.0235438,0.00055431051844,0.976011
-0.0096684,0.00870513,7.57792883169e-05,0.22412
-0.0084985,0.00865584,7.49235661056e-05,0.22744
-0.00454329,0.0185848,0.00034539479104,0.0392063
0.0902707,0.205788,0.042348700944,0.000340062
0.0104911,0.00799585,6.39336172225e-05,0.704024
0.0128658,0.0245269,0.00060156882361,0.022386
-0.0559695,0.113119,0.012795908161,0.00100566
-9.79715e-05,0.0209826,0.00044026950276,0.969626
0.00837927,0.0130347,0.00016990340409,0.0849345
0.0102989,0.00805101,6.48187620201e-05,0.710503
0.105032,0.0791129,0.00625885094641,0.00217586
-0.00364636,0.0234419,0.00054952267561,0.975883
-0.00318892,0.0234048,0.00054778466304,0.975803
0.0319674,0.0656138,0.00430517075044,0.00308528
0.00136393,0.023722,0.000562733284,0.976448
0.00745923,0.00916637,8.40223389769e-05,0.198062
0.118791,0.0674034,0.00454321833156,0.00286165
0.00912801,0.00925192,8.55980236864e-05,0.192712
0.123109,0.107313,0.011516079969,0.00117523
0.00778141,0.0129888,0.00016870892544,0.0855046
0.0078456,0.0129962,0.00016890121444,0.0853692
0.00863216,0.00793502,6.29645424004e-05,0.695253
0.00921809,0.00927851,8.60907478201e-05,0.191277
0.0258555,0.0247773,0.00061391459529,0.0220191
0.00858658,0.00924848,8.55343823104e-05,0.192889
-3.06904e-05,0.0276783,0.00076608829089,0.0176679
-0.00230727,0.0157247,0.00024726619009,0.0566187
0.0405989,0.122189,0.014930151721,0.000881262
-0.0523127,0.10232,0.0104693824,0.00127242
0.0268172,0.122255,0.014946285025,0.000903427
0.139181,0.108059,0.011676747481,0.00109846
-0.00772374,0.0233283,0.00054420958089,0.975656
0.00977572,0.0161056,0.00025939035136,0.0542382
-0.0102705,0.0642727,0.00413097996529,0.00321488
0.0146144,0.119968,0.014392321024,0.000912324
0.00223917,0.0233804,0.00054664310416,0.975694
0.303649,0.156235,0.024409375225,0.000540674
-0.0782377,0.0921663,0.00849462685569,0.00160563
-0.0708387,0.0351385,0.00123471418225,0.0108233
0.00769657,0.0130254,0.00016966104516,0.0853127
-0.00500992,0.0233586,0.00054562419396,0.975712
0.172791,0.102984,0.010605704256,0.00126531
0.118388,0.128143,0.016420628449,0.000820916
-0.00580965,0.0823793,0.00678634906849,0.00193187
0.0635235,0.0376333,0.00141626526889,0.00934971
-0.00182643,0.023919,0.000572118561,0.976719
0.119008,0.079728,0.006356553984,0.00214519
-0.00445592,0.0161386,0.00026045440996,0.0534702
0.0237384,0.108074,0.011679989476,0.00112741
0.0132185,0.00955614,9.13198116996e-05,0.176388
0.00843885,0.0130186,0.00016948394596,0.0851832
0.00862611,0.0130229,0.00016959592441,0.0851317
0.0113739,0.0080532,6.485403024e-05,0.712135
0.0125345,0.00954826,9.11692690276e-05,0.176702
0.0133703,0.00956256,9.14425537536e-05,0.176056
-0.156286,0.183167,0.033550149889,0.000417763
-0.0970862,0.0979565,0.00959547589225,0.00135653
0.00847432,0.0130218,0.00016956727524,0.0851941
0.0318274,0.0717083,0.00514208028889,0.00257324
-0.220508,0.126969,0.016121126961,0.000820942
0.0287998,0.0246619,0.00060820931161,0.0221993
0.0160435,0.0305487,0.00093322307169,0.0143073
0.00142831,0.0234194,0.00054846829636,0.975761
0.0105428,0.0116169,0.00013495236561,0.109979
0.00852741,0.0129987,0.00016896620169,0.0855395
-0.00506098,0.0436077,0.00190163149929,0.00700158
0.0120188,0.00804781,6.47672457961e-05,0.712653
0.0119814,0.00804175,6.46697430625e-05,0.712396
-0.0823975,0.0838152,0.00702498775104,0.998101
0.0132351,0.0095352,9.092003904e-05,0.176871
-0.156543,0.138429,0.019162588041,0.000664216
0.0117538,0.00802583,6.44139471889e-05,0.710771
0.00532008,0.141959,0.020152357681,0.000650074
0.00920134,0.0219445,0.00048156108025,0.0283878
-0.0343683,0.0407267,0.00165866409289,0.00798406
-0.01803,0.0232876,0.00054231231376,0.0252918
-0.0352825,0.0533922,0.00285072702084,0.00468518
0.010901,0.00903273,8.15902112529e-05,0.796546
-0.0013359,0.0593296,0.00352000143616,0.00377584
-0.0461498,0.0700316,0.00490442499856,0.00267429
-0.0199898,0.0523056,0.00273587579136,0.00481426
-0.0561691,0.0724633,0.00525092984689,0.00254866
0.0103849,0.0100708,0.00010142101264,0.153904
-0.00305242,0.00745274,5.55433335076e-05,0.393774
-0.112003,0.109645,0.012022026025,0.00108794
-0.128552,0.0991781,0.00983629551961,0.00132843
-0.00560064,0.0898458,0.00807226777764,0.00162262
-0.0334639,0.0814046,0.00662670890116,0.00204417
0.0551959,0.0438486,0.00192269972196,0.00700694
-0.0135959,0.0313471,0.00098264067841,0.01378
0.0114532,0.0090497,8.189707009e-05,0.797773
0.00817456,0.0130287,0.00016974702369,0.0851225
0.00198295,0.0233908,0.00054712952464,0.9757
0.0151835,0.00955514,9.13007004196e-05,0.175658
0.00610102,0.0129579,0.00016790717241,0.086119
0.0354663,0.0323613,0.00104725373769,0.0127945
-0.00615875,0.0259734,0.00067461750756,0.0200254
0.153946,0.108069,0.011678908761,0.00112164
0.00830658,0.0130265,0.00016968970225,0.0851481
0.00218759,0.0275634,0.00075974101956,0.0176374
-0.00716012,0.0242772,0.00058938243984,0.977365
-0.00159876,0.0236753,0.00056051983009,0.97634
-0.0103858,0.0625194,0.00390867537636,0.00342126
0.0949087,0.0622616,0.00387650683456,0.00350959
-0.0077581,0.00834461,6.96325160521e-05,0.259278
0.010686,0.00983624,9.67516173376e-05,0.16308
0.0016826,0.0233984,0.00054748512256,0.975713
0.00541596,0.0797731,0.00636374748361,0.00206911
-0.0257222,0.0318919,0.00101709328561,0.012966
0.00840714,0.0130282,0.00016973399524,0.0851432
-0.0107737,0.00867306,7.52219697636e-05,0.226124
0.0350464,0.0159327,0.00025385092929,0.0541459
0.0137889,0.0095348,9.091241104e-05,0.176541
0.0119179,0.00905849,8.20562410801e-05,0.798466
-0.0350331,0.0860579,0.00740596215241,0.00188913
0.0235739,0.0991516,0.00983103978256,0.00141085
-0.00790861,0.00849656,7.21915318336e-05,0.239848
-0.0303567,0.0329823,0.00108783211329,0.0120822
0.00687321,0.0170085,0.00028928907225,0.952842
0.010425,0.0170817,0.00029178447489,0.953375
0.00932167,0.0081239,6.599775121e-05,0.724146
-0.0193984,0.0335476,0.00112544146576,0.0121194
0.0108203,0.0170764,0.00029160343696,0.953347
0.0362122,0.114034,0.013003753156,0.000990467
0.0499975,0.0813521,0.00661816417441,0.00207007
-0.0187542,0.0198996,0.00039599408016,0.0347353
0.0151419,0.0102773,0.00010562289529,0.805768
0.0106905,0.0170656,0.00029123470336,0.953266
0.00730567,0.0129881,0.00016869074161,0.0855639
0.0106682,0.0257134,0.00066117893956,0.0202738
-0.00514469,0.0419167,0.00175700973889,0.00766134
0.0577219,0.0757255,0.00573435135025,0.00228882
0.0295739,0.0582471,0.00339272465841,0.00388549
0.014312,0.00947403,8.97572444409e-05,0.178874
0.0535895,0.0449952,0.00202456802304,0.00667329
0.0130949,0.0171896,0.00029548234816,0.95393
-0.00492078,0.023424,0.000548683776,0.975826
0.0113932,0.00799347,6.38955626409e-05,0.70945
-0.0414282,0.0373831,0.00139749616561,0.00950056
0.0113552,0.00799446,6.39113906916e-05,0.709463
0.0280786,0.0245028,0.00060038720784,0.0224979
0.0130802,0.0171893,0.00029547203449,0.953931
0.0121505,0.0385605,0.00148691216025,0.00905887
-0.0150165,0.140166,0.019646507556,0.000726879
0.0283733,0.0491182,0.00241259757124,0.00561099
0.0113624,0.00799112,6.38579988544e-05,0.709244
0.059038,0.128201,0.016435496401,0.000787596
0.0130949,0.0171896,0.00029548234816,0.95393
0.00490345,0.0131173,0.00017206355929,0.0840974
0.00460489,0.0131192,0.00017211340864,0.0840716
-0.00197209,0.0236822,0.00056084659684,0.976355
-0.105552,0.0952203,0.00906690553209,0.00146782
0.00802791,0.0169778,0.00028824569284,0.952739
0.107261,0.108082,0.011681718724,0.00115884
0.0114509,0.00799229,6.38766994441e-05,0.709428
0.0136375,0.0258406,0.00066773660836,0.020428
0.0411139,0.0169089,0.00028591089921,0.0477629
-0.00419264,0.00746004,5.56521968016e-05,0.39399
0.115606,0.0589959,0.00348051621681,0.00388328
-0.0748518,0.0894098,0.00799411233604,0.00170015
0.0253268,0.0192711,0.00037137529521,0.0363387
0.0126053,0.0570871,0.00325893698641,0.00399257
0.011689,0.0968601,0.00938187897201,0.00140658
-0.0107079,0.0233807,0.00054665713249,0.0250365
0.21942,0.129581,0.016791235561,0.000756476
-0.0021741,0.0237157,0.00056243442649,0.976357
-0.0274626,0.0452062,0.00204360051844,0.00635099
0.0346906,0.015894,0.000252619236,0.0544382
-0.00927074,0.0889523,0.00791251167529,0.00164097
-0.00667721,0.00786673,6.18854408929e-05,0.311726
-0.00673686,0.00786577,6.18703376929e-05,0.311763
0.00572967,0.0129759,0.00016837398081,0.08578
0.0346906,0.015894,0.000252619236,0.0544382
0.0117331,0.00799692,6.39507294864e-05,0.709671
-0.0409585,0.0643622,0.00414249278884,0.00324154
0.0113206,0.00800363,6.40580931769e-05,0.7104
-0.00375161,0.0476495,0.00227047485025,0.00603429
-0.000951599,0.0210845,0.00044455614025,0.0307098
0.0129854,0.0172051,0.00029601546601,0.953951
0.0061691,0.012975,0.000168350625,0.0857954
0.0129706,0.0172049,0.00029600858401,0.953952
0.0121066,0.0099972,9.994400784e-05,0.156189
0.00728231,0.0169928,0.00028875525184,0.952761
-0.00264189,0.0743834,0.00553289019556,0.00246473
0.0121066,0.0099972,9.994400784e-05,0.156189
0.00571671,0.0129768,0.00016839733824,0.0857646
0.0129854,0.0172051,0.00029601546601,0.953951
-0.062506,0.12698,0.0161239204,0.000833874
0.00448887,0.0163723,0.00026805220729,0.948108
0.0078348,0.0169913,0.00028870427569,0.952751
0.0255797,0.091234,0.008323642756,0.00157267
0.00084007,0.0676389,0.00457502079321,0.00281231
0.0252129,0.0378194,0.00143030701636,0.00935878
-0.113881,0.0753948,0.00568437586704,0.00241928
0.0686226,0.0864717,0.00747735490089,0.00175915
0.0344428,0.0158977,0.00025273686529,0.0544281
-0.0588138,0.0354234,0.00125481726756,0.0106644
-0.215082,0.145563,0.021188586969,0.000635521
-0.0894023,0.119971,0.014393040841,0.000988234
0.00564109,0.0129757,0.00016836879049,0.0857853
0.0115997,0.00799709,6.39534484681e-05,0.709704
0.00571189,0.0129768,0.00016839733824,0.0857752
-0.0155979,0.026537,0.000704212369,0.0190782
0.0698482,0.108917,0.011862912889,0.00106719
-0.00455849,0.00745703,5.56072964209e-05,0.393967
0.0133693,0.0172097,0.00029617377409,0.953969
0.0133693,0.0172097,0.00029617377409,0.953969
-0.0182754,0.0305921,0.00093587658241,0.013997
0.0116704,0.00799844,6.39750424336e-05,0.709717
-0.00925097,0.0117455,0.00013795677025,0.108205
0.0120122,0.00799914,6.39862407396e-05,0.709801
-0.0113881,0.00866863,7.51451460769e-05,0.227232
0.012232,0.0100018,0.00010003600324,0.156062
0.012232,0.0100018,0.00010003600324,0.156062
0.0115584,0.00799752,6.39603261504e-05,0.709525
0.0693223,0.0295671,0.00087421340241,0.0154687
0.00587159,0.0129762,0.00016838176644,0.0857703
-0.0438041,0.0601648,0.00361980315904,0.00364062
0.00415985,0.0641199,0.00411136157601,0.00326727
0.033148,0.113139,0.012800433321,0.00101868
0.0013507,0.0321948,0.00103650514704,0.0128919
-0.0746374,0.0980269,0.00960927312361,0.00139069
0.0346018,0.0159062,0.00025300719844,0.0543938
0.0898494,0.102358,0.010477160164,0.00127187
-0.0534226,0.035662,0.001271778244,0.0108604
-0.0113685,0.013521,0.000182817441,0.079933
0.0498654,0.08304,0.0068956416,0.00192409
0.124377,0.0830414,0.00689587411396,0.00197303
-0.00039607,0.0237285,0.00056304171225,0.976407
-0.160261,0.0800606,0.00640969967236,0.00203616
-0.0387988,0.0835058,0.00697321863364,0.0019437
0.0340367,0.0159061,0.00025300401721,0.0543921
0.0106522,0.00801876,6.43005119376e-05,0.711431
-0.0405321,0.0428058,0.00183233651364,0.00789028
-0.0389972,0.0421663,0.00177799685569,0.00816313
-0.04909,0.0429541,0.00184505470681,0.00784453
-0.0374927,0.0422149,0.00178209778201,0.00814923
0.0202099,0.0194195,0.00037711698025,0.0358135
0.0309093,0.091643,0.008398439449,0.00165799
-0.0234592,0.0358264,0.00128353093696,0.0103667
-0.0789207,0.06758,0.0045670564,0.00289008
-0.000644141,0.0235366,0.00055397153956,0.975983
0.0802765,0.0717916,0.00515403383056,0.00261902
0.0138486,0.0094977,9.020630529e-05,0.178168
0.0138486,0.0094977,9.020630529e-05,0.178158
-0.0321548,0.0329978,0.00108885480484,0.0120837
0.0334739,0.125671,0.015793200241,0.000835913
0.0503073,0.124451,0.015488051401,0.00085171
-0.00166696,0.0237434,0.00056374904356,0.976436
0.00630599,0.0097739,9.552912121e-05,0.165263
-0.00039607,0.0237285,0.00056304171225,0.976407
0.0115442,0.00960177,9.21939871329e-05,0.173902
-0.0384016,0.0279496,0.00078118014016,0.0177057
0.107553,0.0820165,0.00672670627225,0.00203748
-0.0799122,0.126948,0.016115794704,0.000788741
-0.00350393,0.00746413,5.57132366569e-05,0.395262
0.0569037,0.126896,0.016102594816,0.000803138
0.0142952,0.00949096,9.00783217216e-05,0.178464
0.0116171,0.0100115,0.00010023013225,0.156011
0.0133074,0.0171882,0.00029543421924,0.953848
-0.0160115,0.0744309,0.00553995887481,0.00241598
0.0136405,0.0171852,0.00029533109904,0.953831
0.00186281,0.0131072,0.00017179869184,0.0838175
0.0133768,0.0171912,0.00029553735744,0.953862
0.0102418,0.00802241,6.43590622081e-05,0.711525
-0.0425973,0.0898359,0.00807048892881,0.00164061
-0.00166696,0.0237434,0.00056374904356,0.976436
-0.0351509,0.0162466,0.00026395201156,0.0551871
0.10844,0.0587465,0.00345115126225,0.00385993
-0.0358796,0.0427687,0.00182916169969,0.00776768
0.00170363,0.0131091,0.00017184850281,0.0837866
0.00170363,0.0131091,0.00017184850281,0.0837866
0.010031,0.00802028,6.43248912784e-05,0.711443
0.0113105,0.0100119,0.00010023814161,0.155926
0.011077,0.0100145,0.00010029021025,0.155847
-0.00121342,0.0237304,0.00056313188416,0.976401
0.00183444,0.0131092,0.00017185112464,0.0838512
-0.0299652,0.0113193,0.00012812655249,0.881498
0.0163455,0.0823939,0.00678875475721,0.00196
-0.0259199,0.138432,0.019163418624,0.000647928
-0.00424236,0.00751317,5.64477234489e-05,0.394341
0.000710392,0.0184934,0.00034200584356,0.0415235
-0.161537,0.0957138,0.00916113151044,0.00146431
-0.00768911,0.00821483,6.74834319289e-05,0.72342
-0.0184494,0.0110659,0.00012245414281,0.127531
0.099722,0.100406,0.010081364836,0.00128082
-0.00774651,0.00822094,6.75838544836e-05,0.72395
-0.00668621,0.0083565,6.983109225e-05,0.738199
-0.00328076,0.0074724,5.583676176e-05,0.591059
-0.00470516,0.00803087,6.44948729569e-05,0.700458
0.018513,0.0172875,0.00029885765625,0.0456385
-0.0562899,0.0456776,0.00208644314176,0.00647612
0.00238628,0.0132471,0.00017548565841,0.0824843
-0.00815456,0.00822141,6.75915823881e-05,0.723883
0.0690793,0.10173,0.0103489929,0.00125205
-0.00813968,0.00821605,6.75034776025e-05,0.723361
-0.00817458,0.00822227,6.76057239529e-05,0.723906
-0.0081469,0.0082222,6.760457284e-05,0.723899
0.000916181,0.0132166,0.00017467851556,0.0830071
0.0073558,0.0108765,0.00011829825225,0.129831
-0.00403867,0.0197028,0.00038820032784,0.0354599
0.119741,0.0794492,0.00631217538064,0.00216383
-0.00484461,0.00785709,6.17338632681e-05,0.6767
0.011643,0.0100017,0.00010003400289,0.156379
0.0116248,0.0100018,0.00010003600324,0.156384
-0.0175461,0.0260317,0.00067764940489,0.0200889
0.0118316,0.0100124,0.00010024815376,0.155899
0.0321945,0.0173421,0.00030074843241,0.0456563
0.0121399,0.0100075,0.00010015005625,0.156119
0.100013,0.0848992,0.00720787416064,0.00187063
0.00131493,0.0132714,0.00017613005796,0.0825131
0.0117897,0.00998817,9.97635399489e-05,0.15674
0.0184836,0.0173025,0.00029937650625,0.0456343
0.0115732,0.00998396,9.96794572816e-05,0.156419
0.0115732,0.00998396,9.96794572816e-05,0.156419
0.0134975,0.009019,8.1342361e-05,0.203026
0.0239015,0.101092,0.010219592464,0.00126743
0.0131439,0.00901754,8.13160276516e-05,0.203079
0.0129083,0.00902178,8.13925143684e-05,0.202972
0.0137283,0.00901632,8.12940263424e-05,0.203262
0.0110801,0.00806791,6.50911717681e-05,0.287416
0.00723045,0.0109147,0.00011913067609,0.129217
0.015452,0.00947205,8.97197312025e-05,0.178799
0.0127166,0.00999906,9.99812008836e-05,0.156119
0.00707599,0.01091,0.0001190281,0.12937
0.0125847,0.0100047,0.00010009402209,0.156231
0.0190649,0.0172986,0.00029924156196,0.0456624
-0.00747517,0.00795794,6.33288090436e-05,0.68861
0.024978,0.019811,0.000392475721,0.0346303
-0.118942,0.0898246,0.00806845876516,0.00162428
0.0413993,0.0362844,0.00131655768336,0.0101452
-0.0474302,0.0344245,0.00118504620025,0.0113143
0.0200891,0.108084,0.011682151056,0.00113266
0.016255,0.00959705,9.21033687025e-05,0.176742
0.00372157,0.00744144,5.53750292736e-05,0.523358
0.00711539,0.00747912,5.59372359744e-05,0.56734
-0.00123691,0.0338565,0.00114626259225,0.0117073
0.02085,0.0347518,0.00120768760324,0.0110243
0.340895,0.135301,0.018306360601,0.000709855
-0.0494714,0.0409351,0.00167568241201,0.0079602
-0.0154075,0.00939506,8.82671524036e-05,0.816565
0.0430288,0.0801002,0.00641604204004,0.00207849
-0.151911,0.0852857,0.00727365062449,0.00174566
-0.0156904,0.00938711,8.81178341521e-05,0.816358
0.0242424,0.0622465,0.00387462676225,0.00339062
0.05926,0.075986,0.005773872196,0.00228607
-0.0216524,0.136892,0.018739419664,0.000727059
-0.0154316,0.00938598,8.80966205604e-05,0.816333
-0.015197,0.00938958,8.81642125764e-05,0.816395
0.0153269,0.00832768,6.93502541824e-05,0.253454
-0.0153307,0.00938529,8.80836683841e-05,0.816271
-0.0154316,0.00938598,8.80966205604e-05,0.816333
-0.0154316,0.00938598,8.80966205604e-05,0.816333
-0.0115853,0.0259871,0.00067532936641,0.0198285
-0.0154316,0.00938598,8.80966205604e-05,0.816333
-0.0294374,0.0281256,0.00079104937536,0.016967
0.0666055,0.129572,0.016788903184,0.000758749
-0.0154316,0.00938598,8.80966205604e-05,0.816333
0.00793067,0.0341966,0.00116940745156,0.0114618
-0.000737001,0.0347519,0.00120769455361,0.0110864
-0.0313761,0.0111604,0.00012455452816,0.879637
-0.0179494,0.0236334,0.00055853759556,0.0244176
-0.196996,0.123288,0.015199930944,0.000835267
0.00567631,0.0342411,0.00117245292921,0.0114271
-0.0154316,0.00938598,8.80966205604e-05,0.816333
-0.0154316,0.00938598,8.80966205604e-05,0.816333
-0.00160186,0.0344055,0.00118373843025,0.0112701
-0.0154316,0.00938598,8.80966205604e-05,0.816333
0.0150759,0.00833084,6.94028951056e-05,0.253354
-0.0154316,0.00938598,8.80966205604e-05,0.816333
-0.0154316,0.00938598,8.80966205604e-05,0.816333
0.0168414,0.0936106,0.00876294443236,0.00152449
-0.0155071,0.00938614,8.80996240996e-05,0.816343
0.034996,0.0952299,0.00906873385401,0.00144653
-0.0151623,0.00926275,8.57985375625e-05,0.809698
-0.166668,0.116836,0.013650650896,0.000927214
-0.0154606,0.00938606,8.80981223236e-05,0.816327
-0.0154361,0.00938647,8.81058190609e-05,0.816337
-0.0154331,0.00938825,8.81392380625e-05,0.816393
-0.0154316,0.00938598,8.80966205604e-05,0.816333
-0.0154316,0.00938598,8.80966205604e-05,0.816333
-0.0154316,0.00938598,8.80966205604e-05,0.816333
-0.0154361,0.00938647,8.81058190609e-05,0.816337
-0.010506,0.0259566,0.00067374508356,0.0198575
0.111853,0.0893953,0.00799151966209,0.00163676
0.0148912,0.0082972,6.884352784e-05,0.25566
-0.0154361,0.00938647,8.81058190609e-05,0.816337
-0.0155249,0.00938673,8.81107000929e-05,0.816341
-0.0154584,0.00938553,8.80881733809e-05,0.816316
-0.0158292,0.00938472,8.80729694784e-05,0.816012
-0.0357822,0.0330696,0.00109359844416,0.0122132
-0.0154539,0.00938504,8.80789758016e-05,0.816312
-0.0154539,0.00938504,8.80789758016e-05,0.816312
0.0163873,0.0931735,0.00868130110225,0.0015086
-0.126045,0.10582,0.0111978724,0.00117298
-0.0154539,0.00938504,8.80789758016e-05,0.816312
-0.0154584,0.00938553,8.80881733809e-05,0.816316
-0.0153001,0.00938496,8.80774742016e-05,0.816326
-0.0154539,0.00938504,8.80789758016e-05,0.816312
-0.0769049,0.112219,0.012593103961,0.00106821
-0.0152956,0.00938447,8.80682771809e-05,0.816322
-0.0154539,0.00938504,8.80789758016e-05,0.816312
-0.0156537,0.0448512,0.00201163014144,0.00654503
-0.0154539,0.00938504,8.80789758016e-05,0.816312
0.0163957,0.0756969,0.00573002066961,0.00236323
-0.0154539,0.00938504,8.80789758016e-05,0.816312
0.128325,0.0794388,0.00631052294544,0.00219862
-0.0154539,0.00938504,8.80789758016e-05,0.816312
0.00084955,0.00729795,5.32600742025e-05,0.533838
-0.0653098,0.0926672,0.00858720995584,0.00151155
-0.0154539,0.00938504,8.80789758016e-05,0.816312
-0.0154539,0.00938504,8.80789758016e-05,0.816312
0.00672017,0.00947774,8.98275555076e-05,0.181761
0.0225752,0.0166522,0.00027729576484,0.0491043
0.0398717,0.0410433,0.00168455247489,0.00795607
-0.0154659,0.00938534,8.80846069156e-05,0.816322
-0.0154904,0.00938549,8.80874225401e-05,0.816316
-0.0154904,0.00938549,8.80874225401e-05,0.816316
0.00107871,0.00728605,5.30865246025e-05,0.522096
0.048134,0.056381,0.003178817161,0.00422957
0.00447973,0.0310183,0.00096213493489,0.0142508
-0.0154659,0.00938534,8.80846069156e-05,0.816322
-0.0154659,0.00938534,8.80846069156e-05,0.816322
-0.0154659,0.00938534,8.80846069156e-05,0.816322
-0.0721449,0.0941556,0.00886527701136,0.00153151
-0.0112452,0.0568569,0.00323270707761,0.0040736
-0.022248,0.0474326,0.00224985154276,0.00594905
0.0147454,0.00829651,6.88320781801e-05,0.255908
0.00603328,0.00949792,9.02104843264e-05,0.181086
-0.0115853,0.0259871,0.00067532936641,0.0198285
-0.196476,0.0876654,0.00768522235716,0.00177482
-0.0323198,0.0111916,0.00012525191056,0.880266
0.0144867,0.00829193,6.87561031249e-05,0.256408
-0.0156537,0.0448512,0.00201163014144,0.00654503
-0.0154659,0.00938534,8.80846069156e-05,0.816322
0.0306448,0.0478078,0.00228558574084,0.00588943
-0.0057849,0.0565294,0.00319557306436,0.00416318
-0.00204129,0.0210981,0.00044512982361,0.030773
0.00568113,0.0342436,0.00117262414096,0.0114292
0.0144734,0.00829214,6.87595857796e-05,0.256416
-0.10903,0.0729226,0.00531770559076,0.00252391
-0.0115853,0.0259871,0.00067532936641,0.0198285
-0.0160548,0.0093848,8.807447104e-05,0.816224
0.0395942,0.0262384,0.00068845363456,0.0195731
0.00782666,0.0341963,0.00116938693369,0.0114604
0.0523367,0.0624609,0.00390136402881,0.00340867
-0.0160548,0.0093848,8.807447104e-05,0.816224
-0.0160548,0.0093848,8.807447104e-05,0.816224
-0.0164144,0.0864631,0.00747586766161,0.00179422
-0.118877,0.0648843,0.00420997238649,0.00314006
-0.0160474,0.00938499,8.80780373001e-05,0.816218
-0.0115853,0.0259871,0.00067532936641,0.0198285
0.0225177,0.0659644,0.00435130206736,0.00305768
-0.208894,0.121049,0.014652860401,0.000928678
0.11391,0.0946657,0.00896159475649,0.00145219
-0.0161646,0.00938491,8.80765357081e-05,0.816239
-0.0160949,0.00926037,8.57544525369e-05,0.809578
-0.0161646,0.00938491,8.80765357081e-05,0.816239
-0.0161766,0.00938521,8.80821667441e-05,0.816249
-0.00263502,0.035059,0.001229133481,0.0110551
-0.0161646,0.00938491,8.80765357081e-05,0.816239
-0.0160226,0.00940578,8.84686974084e-05,0.816753
-0.0160269,0.00940627,8.84779153129e-05,0.816757
0.0074229,0.0485905,0.00236103669025,0.005672
-0.0160472,0.00940593,8.84715191649e-05,0.816748
0.0163949,0.0362121,0.00131131618641,0.010317
0.0170604,0.0364409,0.00132793919281,0.0101781
0.0170604,0.0364409,0.00132793919281,0.0101781
-0.0164012,0.0260885,0.00068060983225,0.0196686
-0.0171929,0.0447479,0.00200237455441,0.00659113
0.0924343,0.106638,0.011371663044,0.00115701
0.00077189,0.00730993,5.34350766049e-05,0.552478
-0.00102758,0.00728472,5.30671454784e-05,0.517885
-0.0171929,0.0447479,0.00200237455441,0.00659113
-0.0160148,0.009406,8.8472836e-05,0.816748
-0.0963748,0.169578,0.028756698084,0.000478735
0.0133261,0.00826638,6.83330383044e-05,0.257254
-0.0160191,0.0094065,8.848224225e-05,0.816752
-0.0160148,0.009406,8.8472836e-05,0.816748
6.0729e-05,0.00727986,5.29963616196e-05,0.520697
-0.0789738,0.0768545,0.00590661417025,0.00233798
-0.0160394,0.00940616,8.84758459456e-05,0.816742
0.0675063,0.123325,0.015209055625,0.000880119
-0.0160148,0.009406,8.8472836e-05,0.816748
-0.0160394,0.00940616,8.84758459456e-05,0.816742
-0.0147894,0.0260487,0.00067853477169,0.0197316
0.0060259,0.0342209,0.00117106999681,0.0114496
-0.000348291,0.00728976,5.31406008576e-05,0.532668
0.0140018,0.0622633,0.00387671852689,0.00346824
-0.0163759,0.0260884,0.00068060461456,0.019668
-0.0160148,0.009406,8.8472836e-05,0.816748
0.0132562,0.00826562,6.83204739844e-05,0.257032
-0.0164012,0.0260885,0.00068060983225,0.0196686
-0.0171929,0.0447479,0.00200237455441,0.00659113
-0.0171929,0.0447479,0.00200237455441,0.00659113
0.0195526,0.0405816,0.00164686625856,0.00815945
-0.0162707,0.00927607,8.60454746449e-05,0.809971
-0.0479734,0.0402533,0.00162032816089,0.00839384
0.00607038,0.0342212,0.00117109052944,0.0114489
-0.0162462,0.00927591,8.60425063281e-05,0.809977
0.0132562,0.00826562,6.83204739844e-05,0.257032
0.0797694,0.122151,0.014920866801,0.00086564
-0.0171929,0.0447479,0.00200237455441,0.00659113
-0.0159751,0.00940657,8.84835591649e-05,0.816767
-0.0162162,0.00927583,8.60410221889e-05,0.809977
-0.0159751,0.00940657,8.84835591649e-05,0.816767
-0.0147138,0.00954547,9.11159975209e-05,0.820218
-0.0156354,0.0095495,9.119295025e-05,0.820985
-0.0146345,0.00941263,8.85976035169e-05,0.813495
-0.0171929,0.0447479,0.00200237455441,0.00659113
-0.0171929,0.0447479,0.00200237455441,0.00659113
-0.0171929,0.0447479,0.00200237455441,0.00659113
0.0183682,0.0515397,0.00265634067609,0.00492306
-0.0159555,0.00927567,8.60380539489e-05,0.809951
0.00831761,0.0570833,0.00325850313889,0.00401907
0.0748692,0.0549049,0.00301454804401,0.00435947
0.110631,0.0627003,0.00393132762009,0.00349456
-0.0156851,0.00940625,8.84775390625e-05,0.816749
0.0130883,0.00826767,6.83543672289e-05,0.256756
0.1178,0.106522,0.011346936484,0.00115143
-0.0266558,0.101678,0.010338415684,0.00130245
-0.00378515,0.0820775,0.00673671600625,0.00198314
0.109838,0.096297,0.009273112209,0.00142032
-0.0386171,0.101099,0.010221007801,0.00130398
0.00141062,0.0343437,0.00117948972969,0.0113749
0.0209579,0.0649327,0.00421625552929,0.00314895
-0.0164338,0.0261525,0.00068395325625,0.0195685
-0.0737355,0.0921823,0.00849757643329,0.00152698
0.0979346,0.0395837,0.00156686930569,0.00874957
-0.0186223,0.0449112,0.00201701588544,0.00654462
-0.0180453,0.0447464,0.00200224031296,0.00659032
0.00926046,0.0494202,0.00244235616804,0.00536089
0.011641,0.0116056,0.00013468995136,0.108855
0.0264601,0.0143586,0.00020616939396,0.0676382
-0.128756,0.0746758,0.00557647510564,0.997606
0.00295629,0.052133,0.002717849689,0.00482994
-0.0421307,0.140152,0.019642583104,0.000664257
0.0367268,0.0262188,0.00068742547344,0.0196335
-0.0653716,0.0926689,0.00858752502721,0.00151151
-0.17367,0.158686,0.025181246596,0.000494376
-0.0137052,0.00842057,7.09059991249e-05,0.249853
-0.0108373,0.0402445,0.00161961978025,0.00819293
-0.0796589,0.156162,0.024386570244,0.000541645
-0.0388058,0.0610996,0.00373316112016,0.00346224
-0.0388058,0.0610996,0.00373316112016,0.00346224
0.00216208,0.0343862,0.00118241075044,0.0113265
-0.0128754,0.00829129,6.87454898641e-05,0.261498
-0.0130347,0.00852293,7.26403357849e-05,0.24143
-0.010765,0.0402476,0.00161986930576,0.00820077
0.0424344,0.0759669,0.00577096989561,0.00233241
-0.0859384,0.095765,0.009170935225,0.00149613
-0.31005,0.125681,0.015795713761,0.000880526
-0.0492646,0.0803575,0.00645732780625,0.00209186
0.0404281,0.122199,0.014932595601,0.00089531
-0.0130174,0.00830268,6.89344951824e-05,0.260355
-0.113066,0.129557,0.016785016249,0.000756336
0.0360008,0.0270508,0.00073174578064,0.0183813
0.0360008,0.0270508,0.00073174578064,0.0183813
0.101589,0.0902909,0.00815244662281,0.00160543
-0.164277,0.115945,0.013443243025,0.000933562
0.00185499,0.0343595,0.00118057524025,0.0113412
-0.00961945,0.0301252,0.00090752767504,0.0147615
-0.011191,0.0401258,0.00161007982564,0.00823744
0.00308614,0.0445844,0.00198776872336,0.0066605
-0.104387,0.052467,0.002752786089,0.00480635
-0.0192703,0.00879234,7.73052426756e-05,0.220002
-0.0192703,0.00879234,7.73052426756e-05,0.220002
-0.0143483,0.00840395,7.06263756025e-05,0.250155
-0.0613183,0.0736544,0.00542497063936,0.00247532
-0.0135747,0.00827186,6.84236678596e-05,0.261925
0.0873701,0.0824343,0.00679541381649,0.00193522
0.0234265,0.0219777,0.00048301929729,0.027998
0.108239,0.0898384,0.00807093811456,0.00162082
0.0242876,0.0219662,0.00048251394244,0.0280289
-0.144307,0.15175,0.0230280625,0.000556019
0.0242876,0.0219662,0.00048251394244,0.0280289
0.0242876,0.0219662,0.00048251394244,0.0280289
0.00688823,0.0364449,0.00132823073601,0.00994134
0.0390961,0.0261775,0.00068526150625,0.0196916
-0.000697053,0.0337273,0.00113753076529,0.0117649
-0.0184325,0.00875826,7.67071182276e-05,0.221997
-0.041905,0.039022,0.001522716484,0.00896041
-0.00199714,0.0335684,0.00112683747856,0.0118714
0.0778321,0.0872807,0.00761792059249,0.00177572
-0.00933902,0.0232421,0.00054019521241,0.0254758
0.0930507,0.0741697,0.00550114439809,0.00244582
0.000586459,0.0336357,0.00113136031449,0.0118255
-0.0394355,0.0681748,0.00464780335504,0.00290959
0.0166555,0.0185717,0.00034490804089,0.0398371
-0.0014949,0.033681,0.001134409761,0.0117946
-0.00644113,0.039965,0.001597201225,0.00829453
-0.0172132,0.00876377,7.68036646129e-05,0.221736
-0.0169282,0.00877121,7.69341248641e-05,0.221353
-0.0169364,0.00879571,7.73645144041e-05,0.220483
-0.0170307,0.00879234,7.73052426756e-05,0.220641
0.0390742,0.0261668,0.00068470142224,0.0197064
0.154706,0.133868,0.017920641424,0.000758115
-0.0173572,0.00876166,7.67666859556e-05,0.221618
-0.0173222,0.00876158,7.67652840964e-05,0.221611
-0.0114863,0.0357774,0.00128002235076,0.0102028
-0.00437894,0.0258859,0.00067007981881,0.0200142
0.00308614,0.0445844,0.00198776872336,0.0066605
-0.0414722,0.0826701,0.00683434543401,0.00207334
-0.0179414,0.0087611,7.675687321e-05,0.221812
0.00164429,0.00858096,7.36328745216e-05,0.236178
-0.00601655,0.0341919,0.00116908602561,0.0114457
-0.0300335,0.0362891,0.00131689877881,0.0100521
-0.0125569,0.0362742,0.00131581758564,0.00993316
-0.171525,0.115941,0.013442315481,0.000948649
-0.0174429,0.0087607,7.674986449e-05,0.221647
0.00182057,0.0337,0.00113569,0.0117796
0.00182057,0.0337,0.00113569,0.0117796
0.114528,0.108133,0.011692745689,0.00111552
-0.0880548,0.0936298,0.00876653944804,0.00158095
-0.0183566,0.00886975,7.86724650625e-05,0.21726
-0.0180418,0.00887612,7.87855062544e-05,0.217041
-0.0172925,0.00876062,7.67484627844e-05,0.221724
-0.0169939,0.00876125,7.67595015625e-05,0.221657
-0.00979634,0.0348021,0.00121118616441,0.0110614
-0.00136729,0.0800664,0.00641062840896,0.00206726
0.00182057,0.0337,0.00113569,0.0117796
-0.0174367,0.00876055,7.67472363025e-05,0.221731
0.0390742,0.0261668,0.00068470142224,0.019691
-0.0044326,0.0258856,0.00067006428736,0.0200136
-0.0173275,0.0087607,7.674986449e-05,0.221722
0.0173631,0.0185953,0.00034578518209,0.0397095
0.000961781,0.0268751,0.00072227100001,0.0185334
-0.044769,0.0337415,0.00113848882225,0.0117008
-0.0172031,0.00876121,7.67588006641e-05,0.221765
-0.0170539,0.00875374,7.66279639876e-05,0.222714
0.00182057,0.0337,0.00113569,0.0117796
0.0510853,0.0794464,0.00631173047296,0.00213748
-0.0173105,0.00876099,7.67549457801e-05,0.221721
-0.0173105,0.00876099,7.67549457801e-05,0.221721
0.0141764,0.0515931,0.00266184796761,0.00496586
-0.0172241,0.00876072,7.67502149184e-05,0.221791
-0.0250874,0.0153183,0.00023465031489,0.0603562
-0.018226,0.0123265,0.00015194260225,0.0985514
0.00308614,0.0445844,0.00198776872336,0.0066605
-0.0116516,0.00827113,6.84115914769e-05,0.261704
-0.0912341,0.107302,0.011513719204,0.00125244
-0.0172832,0.00876067,7.67493388489e-05,0.221722
-0.0172832,0.00876067,7.67493388489e-05,0.221722
0.0391287,0.0261656,0.00068463862336,0.019691
-0.0482874,0.113127,0.012797718129,0.00100318
0.0391287,0.0261656,0.00068463862336,0.019691
-0.0172531,0.00876084,7.67523175056e-05,0.221729
-0.0171872,0.00876105,7.67559971025e-05,0.221722
0.00182057,0.0337,0.00113569,0.0117796
0.0338499,0.0343589,0.00118053400921,0.0112746
0.0492258,0.0907374,0.00823327575876,0.0015899
-0.0245333,0.102995,0.010607970025,0.00119173
0.107416,0.119966,0.014391841156,0.000944623
-0.0117618,0.00850622,7.23557786884e-05,0.241598
-0.015476,0.0761905,0.00580499229025,0.00236834
-0.0118598,0.00850593,7.23508451649e-05,0.241552
-0.0118598,0.00850593,7.23508451649e-05,0.241552
-0.0118598,0.00850593,7.23508451649e-05,0.241552
-0.0118598,0.00850593,7.23508451649e-05,0.241552
0.171145,0.115886,0.013429564996,0.00100513
-0.0114521,0.00827095,6.84086139025e-05,0.261657
-0.0118598,0.00850593,7.23508451649e-05,0.241552
-0.0118598,0.00850593,7.23508451649e-05,0.241552
-0.0753728,0.0941704,0.00886806423616,0.00146465
-0.0119123,0.00850597,7.23515256409e-05,0.241574
-0.0151845,0.0321137,0.00103128972769,0.0129163
0.0384274,0.0261553,0.00068409971809,0.0197064
0.0487997,0.119931,0.014383444761,0.000864651
-0.0120839,0.0085197,7.258528809e-05,0.240905
-0.0118373,0.00851585,7.25197012225e-05,0.241015
-0.0120981,0.0085146,7.249841316e-05,0.24107
-0.0118958,0.00850567,7.23464221489e-05,0.241473
0.00308614,0.0445844,0.00198776872336,0.0066605
-0.00375202,0.0258963,0.00067061835369,0.0199994
0.038474,0.0261561,0.00068414156721,0.0197058
-0.0177177,0.0087492,7.654850064e-05,0.221879
-0.0178268,0.0087494,7.655200036e-05,0.221881
-0.0118112,0.00826686,6.83409742596e-05,0.262126
-0.0129998,0.00849876,7.22289215376e-05,0.241602
0.0389721,0.0261678,0.00068475375684,0.0196904
0.0389721,0.0261678,0.00068475375684,0.0196904
-0.0128673,0.00826104,6.82447818816e-05,0.261955
-0.00568306,0.0117759,0.00013867182081,0.105069
0.0384948,0.026417,0.000697857889,0.0193494
0.0384948,0.026417,0.000697857889,0.0193494
-0.0180993,0.00874348,7.64484425104e-05,0.222085
-0.0131154,0.00849499,7.21648551001e-05,0.24144
-0.126233,0.0594966,0.00353984541156,0.00370943
0.0181544,0.0555186,0.00308231494596,0.00436701
-0.0180262,0.00874349,7.64486173801e-05,0.222077
-0.0181248,0.00874506,7.64760744036e-05,0.222121
-0.0180262,0.00874349,7.64486173801e-05,0.222077
-0.0180262,0.00874349,7.64486173801e-05,0.222077
-0.0180262,0.00874349,7.64486173801e-05,0.222077
-0.0180262,0.00874349,7.64486173801e-05,0.222077
-0.0180262,0.00874349,7.64486173801e-05,0.222077
-0.0195946,0.00890591,7.93152329281e-05,0.215646
-0.0194458,0.00891031,7.93936242961e-05,0.215508
-0.00633152,0.0118151,0.00013959658801,0.104439
-0.0196028,0.00879677,7.73831624329e-05,0.220102
0.0384948,0.026417,0.000697857889,0.0193494
-0.00999461,0.0647917,0.00419796438889,0.00326356
-0.0180864,0.00874362,7.64508907044e-05,0.222123
0.0384948,0.026417,0.000697857889,0.0193494
0.0384948,0.026417,0.000697857889,0.0193494
0.0384948,0.026417,0.000697857889,0.0193494
0.0246739,0.1051,0.01104601,0.00118908
-0.0179141,0.00874392,7.64561369664e-05,0.222071
-0.0179141,0.00874392,7.64561369664e-05,0.222071
0.000554414,0.0445837,0.00198770630569,0.00664488
-0.0179141,0.00874392,7.64561369664e-05,0.222071
-0.0179141,0.00874392,7.64561369664e-05,0.222071
-0.0179141,0.00874392,7.64561369664e-05,0.222071
-0.0234049,0.11594,0.0134420836,0.00103484
-0.0179141,0.00874392,7.64561369664e-05,0.222071
-0.0179141,0.00874392,7.64561369664e-05,0.222071
0.0639054,0.0687646,0.00472857021316,0.00275286
-0.0179141,0.00874392,7.64561369664e-05,0.222071
-0.0179141,0.00874392,7.64561369664e-05,0.222071
-0.0445008,0.14192,0.0201412864,0.000664544
-9.2566e-05,0.033658,0.001132860964,0.0118097
-0.00522542,0.0314464,0.00098887607296,0.013521
-0.0179141,0.00874392,7.64561369664e-05,0.222071
-0.0179141,0.00874392,7.64561369664e-05,0.222071
-0.013121,0.0082578,6.819126084e-05,0.261725
-0.0125622,0.00841309,7.07800833481e-05,0.248057
-0.00705788,0.0314832,0.00099119188224,0.0134902
-0.0179141,0.00874392,7.64561369664e-05,0.222071
-0.0179141,0.00874392,7.64561369664e-05,0.222071
-0.0179141,0.00874392,7.64561369664e-05,0.222071
-0.0179141,0.00874392,7.64561369664e-05,0.222071
-0.0179141,0.00874392,7.64561369664e-05,0.222071
-0.0179141,0.00874392,7.64561369664e-05,0.222071
-0.0179141,0.00874392,7.64561369664e-05,0.222071
0.0877519,0.126951,0.016116556401,0.000818988
-0.0179442,0.00874477,7.64710023529e-05,0.222176
-0.0179141,0.00874392,7.64561369664e-05,0.222071
0.0288484,0.022811,0.000520341721,0.0259944
-0.0179141,0.00874392,7.64561369664e-05,0.222071
0.0519942,0.0823787,0.00678625021369,0.00200692
-0.0179141,0.00874392,7.64561369664e-05,0.222071
0.010904,0.0211306,0.00044650225636,0.0303259
-0.0179141,0.00874392,7.64561369664e-05,0.222071
-0.0125622,0.00841309,7.07800833481e-05,0.248057
-0.0178657,0.00874456,7.64673295936e-05,0.222073
0.0288484,0.022811,0.000520341721,0.0259944
0.0288484,0.022811,0.000520341721,0.0259944
0.0288484,0.022811,0.000520341721,0.0259944
-0.0125622,0.00841309,7.07800833481e-05,0.248057
-9.2566e-05,0.033658,0.001132860964,0.0118097
-0.0179141,0.00874392,7.64561369664e-05,0.222071
0.0471009,0.0406491,0.00165234933081,0.00825211
-0.0179141,0.00874392,7.64561369664e-05,0.222071
0.0170536,0.0186329,0.00034718496241,0.0395917
-0.104387,0.0749131,0.00561197255161,0.00234974
-0.0179141,0.00874392,7.64561369664e-05,0.222071
-0.000144927,0.0336568,0.00113278018624,0.0118104
-0.0179141,0.00874392,7.64561369664e-05,0.222071
-0.012778,0.00825959,6.82208269681e-05,0.261665
-0.0236891,0.0791859,0.00627040675881,0.00212074
-0.0179141,0.00874392,7.64561369664e-05,0.222071
-0.0179141,0.00874392,7.64561369664e-05,0.222071
-0.0666903,0.0946914,0.00896646123396,0.00144928
0.0394515,0.0936151,0.00876378694801,0.00148828
-0.0179141,0.00874392,7.64561369664e-05,0.222071
-0.0179981,0.00874505,7.64758995025e-05,0.222054
-0.0649351,0.0881081,0.00776303728561,0.00166507
-0.0182613,0.00874506,7.64760744036e-05,0.222017
0.0293749,0.0228177,0.00052064743329,0.025979
-0.01322,0.00839371,7.04543675641e-05,0.249715
0.0392092,0.0264276,0.00069841804176,0.0193185
0.0509258,0.0697834,0.00486972291556,0.00277468
-0.0129858,0.00826184,6.82580001856e-05,0.261581
-0.00445597,0.0458673,0.00210380920929,0.0062766
-0.0130172,0.00826215,6.82631226225e-05,0.261597
-0.00298548,0.0336812,0.00113442323344,0.0117965
0.00134844,0.0250188,0.00062594035344,0.0216236
-0.0129858,0.00826184,6.82580001856e-05,0.261581
0.0250501,0.0221155,0.00048909534025,0.0276904
-0.00208595,0.0336126,0.00112980687876,0.0118416
0.0392092,0.0264276,0.00069841804176,0.0193185
-0.143459,0.0729327,0.00531917872929,0.00248964
-0.0130172,0.00826215,6.82631226225e-05,0.261597
-0.0182613,0.00874506,7.64760744036e-05,0.222017
-0.0129858,0.00826184,6.82580001856e-05,0.261581
-0.0182613,0.00874506,7.64760744036e-05,0.222017
0.0392092,0.0264276,0.00069841804176,0.0193185
0.0392092,0.0264276,0.00069841804176,0.0193185
-0.00332649,0.0257798,0.00066459808804,0.0201659
-0.0510663,0.0794415,0.00631095192225,0.00211557
-0.0182613,0.00874506,7.64760744036e-05,0.222008
-0.0181697,0.00874548,7.64834204304e-05,0.222035
-0.0243921,0.0148286,0.00021988737796,0.0645654
-0.01322,0.00839371,7.04543675641e-05,0.249707
0.0131952,0.0114974,0.00013219020676,0.11323
0.0241385,0.0221093,0.00048882114649,0.027705
-0.00298548,0.0336812,0.00113442323344,0.0117965
-0.0181139,0.008744,7.6457536e-05,0.222046
-0.0128427,0.00826111,6.82459384321e-05,0.261628
0.028548,0.0316088,0.00099911623744,0.0135372
0.0569096,0.0754201,0.00568819148401,0.00236352
-0.0126561,0.00842047,7.09043150209e-05,0.248638
-0.0125514,0.00828718,6.86773523524e-05,0.260525
-0.0125514,0.00828718,6.86773523524e-05,0.260525
0.0250501,0.0221155,0.00048909534025,0.0276904
-0.013067,0.00839357,7.04520173449e-05,0.249753
0.0250501,0.0221155,0.00048909534025,0.0276904
-0.212563,0.135357,0.018321517449,0.000696875
-0.013067,0.00839357,7.04520173449e-05,0.249753
-0.013067,0.00839357,7.04520173449e-05,0.249753
0.0584988,0.0516305,0.00266570853025,0.00485497
0.0177945,0.018654,0.000347971716,0.0395005
0.0309152,0.0985926,0.00972050077476,0.00132909
-0.101837,0.11228,0.0126067984,0.00106821
-0.00930254,0.0175322,0.00030737803684,0.0441553
-0.0182061,0.0087454,7.648202116e-05,0.22196
-0.0753728,0.0941704,0.00886806423616,0.00146465
-0.0129717,0.00826204,6.82613049616e-05,0.261536
-0.0129575,0.00826237,6.82667580169e-05,0.26156
0.0406141,0.0731544,0.00535156623936,0.00251968
-0.0813795,0.0797704,0.00636331671616,0.00200729
0.0392092,0.0264276,0.00069841804176,0.0193185
0.0177945,0.018654,0.000347971716,0.0395005
-0.0127886,0.00826155,6.82532084025e-05,0.261598
0.000556225,0.0834081,0.00695691114561,0.00192505
0.0176347,0.018695,0.000349503025,0.039317
0.0176347,0.018695,0.000349503025,0.039317
0.00706843,0.0448902,0.00201513005604,0.00658344
-0.0180722,0.0087456,7.648551936e-05,0.221987
-0.0127518,0.00826185,6.82581654225e-05,0.261598
-0.0127462,0.00826163,6.82545302569e-05,0.261606
0.00706657,0.0234945,0.00055199153025,0.0249406
-0.146211,0.1017,0.01034289,0.00131136
-0.0473579,0.0311034,0.00096742149156,0.014311
0.00292058,0.0445306,0.00198297433636,0.00666029
0.0557712,0.0823929,0.00678858997041,0.00186208
-0.0554011,0.0652848,0.00426210511104,0.00314076
-0.017915,0.00875479,7.66463479441e-05,0.221658
-0.0128198,0.0082787,6.853687369e-05,0.261206
-0.173274,0.0980108,0.00960611691664,0.00133603
-0.00185376,0.0257798,0.00066459808804,0.0201671
-0.0753728,0.0941704,0.00886806423616,0.00146465
-0.0182712,0.00876179,7.67689640041e-05,0.22148
0.038505,0.0264423,0.00069919522929,0.0193322
0.0181973,0.0186607,0.00034822172449,0.0395155
-0.00222545,0.0257899,0.00066511894201,0.0201511
0.0381678,0.0395555,0.00156463758025,0.00834391
0.0186404,0.0186574,0.00034809857476,0.0395285
-0.0114853,0.0240773,0.00057971637529,0.0234916
0.038505,0.0264423,0.00069919522929,0.0193322
-0.0113504,0.0240782,0.00057975971524,0.0234865
-0.0667104,0.12214,0.0149181796,0.000896806
0.0186342,0.0186577,0.00034810976929,0.0395297
0.0186342,0.0186577,0.00034810976929,0.0395297
-0.0130503,0.00828312,6.86100769344e-05,0.261132
-0.0186467,0.00876402,7.68080465604e-05,0.22144
0.000944062,0.0257213,0.00066158527369,0.0202584
-0.096537,0.101041,0.010209283681,0.00131384
-0.0262509,0.0645869,0.00417146765161,0.00321742
0.0186342,0.0186577,0.00034810976929,0.0395297
-0.0131377,0.00828181,6.85883768761e-05,0.261223
-0.0186614,0.00876732,7.68658999824e-05,0.221421
-9.2566e-05,0.033658,0.001132860964,0.0118097
-0.0858821,0.0803021,0.00644842726441,0.00195774
-0.187556,0.124437,0.015484566969,0.000882162
-0.012264,0.0712835,0.00508133737225,0.00259917
-0.0306689,0.0116358,0.00013539184164,0.110495
0.0187325,0.0186725,0.00034866225625,0.0394765
0.0843527,0.0656232,0.00430640437824,0.00308069
0.00756976,0.138548,0.019195548304,0.000695367
-0.0179633,0.00880299,7.74926329401e-05,0.220405
0.0325495,0.0231056,0.00053386875136,0.025425
0.00247598,0.010373,0.000107599129,0.144891
0.0135111,0.0187266,0.00035068554756,0.0395035
-0.000366207,0.00732956,5.37224497936e-05,0.461946
0.0471127,0.0683768,0.00467538677824,0.00285538
6.97578e-05,0.00731531,5.35137603961e-05,0.471396
0.00508691,0.0264495,0.00069957605025,0.0195267
-0.0350422,0.0526981,0.00277708974361,0.00478461
-0.0284185,0.0382744,0.00146492969536,0.00913242
0.0710573,0.0461219,0.00212722965961,0.00623983
0.0724789,0.038349,0.001470645801,0.0093348
-0.0835601,0.0644632,0.00415550415424,0.00318979
-0.0891583,0.0820419,0.00673087335561,0.00196461
-0.0100425,0.0341742,0.00116787594564,0.0115113
-0.00798071,0.0344853,0.00118923591609,0.011311
-0.0283549,0.0386842,0.00149646732964,0.0089473
-0.0284717,0.0382743,0.00146492204049,0.0091327
-0.00446338,0.00731494,5.35083472036e-05,0.447034
-0.00610796,0.0342892,0.00117574923664,0.0114134
-0.00427085,0.0342412,0.00117245977744,0.011445
-0.010172,0.0341714,0.00116768457796,0.0115074
-0.00422656,0.00731317,5.34824554489e-05,0.447072
-0.010172,0.0341714,0.00116768457796,0.0115074
0.00254731,0.123303,0.015203629809,0.000865399
-0.0348673,0.0853393,0.00728279612449,0.00176117
-0.00610796,0.0342892,0.00117574923664,0.0114134
-0.00878701,0.0342671,0.00117423414241,0.0114467
0.172476,0.0931321,0.00867358805041,0.00154502
0.00801363,0.0111057,0.00012333657249,0.120887
-0.0160967,0.00854536,7.30231775296e-05,0.241467
-0.00430905,0.00731245,5.34719250025e-05,0.44708
-0.0284878,0.0382752,0.00146499093504,0.00913327
-0.00244619,0.0118864,0.00014128650496,0.102957
-0.0284281,0.0382723,0.00146476894729,0.00913298
-0.0414926,0.128188,0.016432163344,0.000804655
-0.0157178,0.00856314,7.33273666596e-05,0.240333
-0.0695202,0.0744058,0.00553622307364,0.00235199
-0.00878701,0.0342671,0.00117423414241,0.0114467
-0.0270919,0.0381745,0.00145729245025,0.00918097
-0.00610745,0.0344828,0.00118906349584,0.0112911
-0.0030629,0.00737091,5.43303142281e-05,0.426088
-0.0041625,0.00731716,5.35408304656e-05,0.446113
-0.00469229,0.034386,0.001182396996,0.0113528
0.0150649,0.0537182,0.00288564501124,0.00458758
0.0289731,0.0941182,0.00885823557124,0.0014538
-0.0217394,0.158604,0.025155228816,0.000525665
-0.0179477,0.0419474,0.00175958436676,0.0079592
-0.00308607,0.00737132,5.43363585424e-05,0.42609
0.020773,0.110539,0.012218870521,0.00109659
-0.0284561,0.0382743,0.00146492204049,0.00913214
-0.0760349,0.0936525,0.00877079075625,0.00148134
0.0603371,0.0968688,0.00938356441344,0.00138194
0.0871284,0.0615313,0.00378610087969,0.00347458
-0.00452145,0.00731252,5.34729487504e-05,0.447015
-0.019886,0.0312621,0.00097731889641,0.0137723
-0.0284364,0.0382751,0.00146498328001,0.0091327
0.129999,0.105085,0.011042857225,0.00123705
-0.0284364,0.0382751,0.00146498328001,0.0091327
-0.00367931,0.00737557,5.43990328249e-05,0.426986
-0.00379157,0.00737502,5.43909200004e-05,0.426971
-0.00432452,0.00733964,5.38703153296e-05,0.435226
-0.0208594,0.0465971,0.00217128972841,0.00618566
-0.00439774,0.0082883,6.869591689e-05,0.380829
-0.00355044,0.0189791,0.00036020623681,0.0386293
-0.0102122,0.0341465,0.00116598346225,0.0115207
-0.00484475,0.00735833,5.41450203889e-05,0.426047
-0.00498071,0.00735701,5.41255961401e-05,0.426127
-0.0252947,0.0380799,0.00145007878401,0.00923784
-0.0170836,0.0457005,0.00208853570025,0.00641224
-0.0243289,0.0327903,0.00107520377409,0.0124418
-0.0431914,0.153853,0.023670745609,0.00052508
-0.0048355,0.0073561,5.411220721e-05,0.426079
-0.0253239,0.0380799,0.00145007878401,0.00923812
-0.00725748,0.0341453,0.00116590151209,0.0115185
-0.00725748,0.0341453,0.00116590151209,0.0115185
-0.00725748,0.0341453,0.00116590151209,0.0115185
-0.0060528,0.00729921,5.32784666241e-05,0.446931
-0.00715091,0.0341426,0.00116571713476,0.0115242
0.113489,0.138547,0.019195271209,0.000681009
-0.0252947,0.0380799,0.00145007878401,0.00923784
0.0175587,0.0448772,0.00201396307984,0.00669546
-0.0213994,0.125711,0.015803255521,0.000842013
-0.0375665,0.0926881,0.00859108388161,0.00156201
-0.0574985,0.0688266,0.00473710086756,0.00284789
-0.00499701,0.12961,0.0167987521,0.000783036
-0.0990344,0.0738816,0.00545849081856,0.0024058
-0.0836802,0.0719997,0.00518395680009,0.00251547
-0.00352161,0.0343819,0.00118211504761,0.0113479
0.176253,0.136868,0.018732849424,0.000710886
-0.00725748,0.0341453,0.00116590151209,0.0115185
0.082613,0.0661481,0.00437557113361,0.00302993
-0.0252947,0.0380799,0.00145007878401,0.00923784
-0.0247633,0.0379193,0.00143787331249,0.00931811
-0.0060528,0.00729921,5.32784666241e-05,0.446931
-0.0060528,0.00729921,5.32784666241e-05,0.446931
-0.0105447,0.0341922,0.00116910654084,0.0114884
-0.00483053,0.00735572,5.41066167184e-05,0.42606
-0.0253479,0.0380796,0.00145005593616,0.00923869
-0.0253239,0.0380799,0.00145007878401,0.00923812
-0.0657972,0.0434474,0.00188767656676,0.00709529
0.0246548,0.0612759,0.00375473592081,0.00348762
-0.0272142,0.0385169,0.00148355158561,0.00903735
-0.00318288,0.034262,0.001173884644,0.011425
-0.00320264,0.0342618,0.00117387093924,0.0114246
-0.0484385,0.0346069,0.00119763752761,0.0111716
-0.0454221,0.0699939,0.00489914603721,0.00274121
-0.00610552,0.00729887,5.32735032769e-05,0.446948
0.0403943,0.0266533,0.00071039840089,0.0190526
-0.00115812,0.0119488,0.00014277382144,0.102202
-0.00642584,0.00729862,5.32698539044e-05,0.446892
-0.00725748,0.0341453,0.00116590151209,0.0115185
-0.0253239,0.0380799,0.00145007878401,0.00923812
-0.0051782,0.00733045,5.37354972025e-05,0.437585
0.0172907,0.063311,0.004008282721,0.00335664
0.00708962,0.00734097,5.38898405409e-05,0.550023
0.066492,0.0963179,0.00927713786041,0.00148464
0.0704569,0.0856899,0.00734275896201,0.00184062
-0.00487253,0.00735539,5.41017620521e-05,0.426029
-0.00607837,0.00729855,5.32688321025e-05,0.446933
-0.0253239,0.0380799,0.00145007878401,0.00923812
-0.00614089,0.0072984,5.326664256e-05,0.446919
0.0254132,0.0230625,0.00053187890625,0.0255627
-0.198461,0.12452,0.0155052304,0.000848975
0.03976,0.0776517,0.00602978651289,0.00218211
-0.00575338,0.00730251,5.33266523001e-05,0.447319
-0.0253239,0.0380799,0.00145007878401,0.00923812
-0.0133312,0.015368,0.000236175424,0.0591564
-0.000566967,0.0119609,0.00014306312881,0.101966
-0.00725748,0.0341453,0.00116590151209,0.0115185
-0.00614089,0.0072984,5.326664256e-05,0.446919
-0.00614089,0.0072984,5.326664256e-05,0.446919
-0.00614089,0.0072984,5.326664256e-05,0.446919
-0.0272142,0.0385169,0.00148355158561,0.00903735
-0.00486824,0.00735528,5.41001438784e-05,0.426031
-0.00130803,0.0119533,0.00014288138089,0.102099
-0.00614036,0.00729852,5.32683941904e-05,0.446917
-0.00583306,0.0073037,5.334403369e-05,0.44772
-0.00582428,0.00730311,5.33354156721e-05,0.447697
-0.00486748,0.0073554,5.410190916e-05,0.426029
0.114718,0.101683,0.010339432489,0.00129822
-0.00614036,0.00729852,5.32683941904e-05,0.446917
-0.00606226,0.00730482,5.33603952324e-05,0.446311
-0.00607007,0.0072987,5.327102169e-05,0.446933
-0.00660118,0.00731347,5.34868434409e-05,0.447219
-0.00663671,0.00731299,5.34798227401e-05,0.447237
-0.00670987,0.00731739,5.35441964121e-05,0.446803
-0.00636494,0.00729884,5.32730653456e-05,0.446849
-0.00624004,0.00730081,5.33018266561e-05,0.44685
-0.00624004,0.00730081,5.33018266561e-05,0.44685
-0.00624004,0.00730081,5.33018266561e-05,0.44685
0.137879,0.0893539,0.00798411944521,0.0015968
0.214227,0.0951886,0.00906086956996,0.00148075
-0.00487854,0.007333,5.3772889e-05,0.437132
-0.00468529,0.0073637,5.422407769e-05,0.424704
-0.00673061,0.00733601,5.38170427201e-05,0.446485
-0.00633444,0.00731126,5.34545227876e-05,0.446087
-0.0284828,0.0382823,0.00146553449329,0.00914813
-0.0284515,0.0382816,0.00146548089856,0.00914756
-0.00647316,0.00731669,5.35339525561e-05,0.446705
-0.00653479,0.0073164,5.352970896e-05,0.44672
-0.0109331,0.019577,0.000383258929,0.0351361
-0.0512896,0.0941425,0.00886281030625,0.00143914
-0.00497001,0.00736652,5.42656169104e-05,0.42487
0.321861,0.129557,0.016785016249,0.000818558
-0.00648488,0.00730988,5.34343456144e-05,0.446236
-0.00648488,0.00730988,5.34343456144e-05,0.446236
-0.0552777,0.122161,0.014923309921,0.000835887
-0.00600838,0.0333463,0.00111197572369,0.0120281
-0.0285064,0.0382814,0.00146546558596,0.00914756
-0.0917617,0.133822,0.017908327684,0.000741427
-0.00484348,0.00736277,5.42103820729e-05,0.424984
-0.012865,0.0438444,0.00192233141136,0.00687344
-0.00494507,0.00736072,5.41801989184e-05,0.425082
-0.0155818,0.0252019,0.00063513576361,0.0211972
-0.00639328,0.00730553,5.33707685809e-05,0.446387
-0.00490682,0.0073599,5.416812801e-05,0.425102
-0.0059806,0.0333463,0.00111197572369,0.0120289
-0.0328158,0.0387593,0.00150228333649,0.00893022
-0.0062395,0.00730543,5.33693074849e-05,0.446488
-0.00480863,0.00735973,5.41656256729e-05,0.425221
-0.130527,0.115885,0.013429333225,0.000957322
-0.00591881,0.00733021,5.37319786441e-05,0.434429
-0.0048232,0.00735975,5.41659200625e-05,0.425268
-0.0048232,0.00735975,5.41659200625e-05,0.425268
-0.0048232,0.00735975,5.41659200625e-05,0.425268
-0.0047001,0.00736002,5.41698944004e-05,0.425278
-0.0328359,0.0387592,0.00150227558464,0.00893077
-0.00562209,0.00731561,5.35181496721e-05,0.447153
-0.00513228,0.00736021,5.41726912441e-05,0.425318
-0.00482155,0.00735985,5.41673920225e-05,0.425268
-0.00506811,0.00736224,5.42025778176e-05,0.424968
-0.00458061,0.00738297,5.45082460209e-05,0.423793
-0.004935,0.00737734,5.44251454756e-05,0.424176
-0.0328652,0.0387592,0.00150227558464,0.00893105
-0.00548691,0.00738846,5.45893411716e-05,0.425778
-0.00642094,0.00732433,5.36458099489e-05,0.446855
-0.0052006,0.00737388,5.43741062544e-05,0.425282
-0.00550209,0.00737355,5.43692396025e-05,0.425244
-0.0233197,0.0682056,0.00465200387136,0.00280333
-0.00703177,0.00731757,5.35468307049e-05,0.446699
-0.0062946,0.0335885,0.00112818733225,0.0118618
-0.00628731,0.00737455,5.43839877025e-05,0.425152
-0.00628731,0.00737455,5.43839877025e-05,0.425152
-0.00628731,0.00737455,5.43839877025e-05,0.425152
-0.00628731,0.00737455,5.43839877025e-05,0.425152
-0.00630001,0.0073913,5.463131569e-05,0.424061
-0.00659482,0.00739952,5.47528962304e-05,0.424519
-0.00642379,0.00740089,5.47731727921e-05,0.424398
-0.00634536,0.00737488,5.43888550144e-05,0.425137
-0.00634536,0.00737488,5.43888550144e-05,0.425137
-0.00634536,0.00737488,5.43888550144e-05,0.425137
-0.00718687,0.007319,5.3567761e-05,0.446691
-0.0259449,0.0383445,0.00147030068025,0.00909988
-0.219249,0.123358,0.015217196164,0.000853481
-0.171783,0.0813908,0.00662446232464,0.00204088
-0.00561986,0.00740073,5.47708045329e-05,0.42738
-0.000990455,0.0331059,0.00109600061481,0.0122166
-0.00659511,0.00737393,5.43748436449e-05,0.42523
-0.00659511,0.00737393,5.43748436449e-05,0.42523
-0.00659511,0.00737393,5.43748436449e-05,0.42523
-0.0259449,0.0383445,0.00147030068025,0.00909988
-0.0259449,0.0383445,0.00147030068025,0.00909988
-0.00659511,0.00737393,5.43748436449e-05,0.42523
-0.00599685,0.0179382,0.00032177901924,0.0445192
-0.0688666,0.113148,0.012802469904,0.00103484
-0.00984731,0.0074176,5.502078976e-05,0.422964
-0.0100582,0.00741986,5.50543224196e-05,0.42267
-0.0100717,0.00742009,5.50577356081e-05,0.422729
-0.0258407,0.0383455,0.00147037737025,0.00910269
-0.00756484,0.00734401,5.39344828801e-05,0.434401
-0.00756484,0.00734401,5.39344828801e-05,0.434401
0.0238812,0.0773476,0.00598265122576,0.00223738
-0.00659511,0.00737393,5.43748436449e-05,0.42523
-0.0259691,0.0383439,0.00147025466721,0.00910016
-0.0259521,0.0383439,0.00147025466721,0.0090996
-0.00666863,0.00737369,5.43713042161e-05,0.425305
-0.00671877,0.00737397,5.43754335609e-05,0.425351
-0.00745795,0.00734262,5.39140684644e-05,0.434553
-0.006662,0.00736123,5.41877071129e-05,0.425494
-0.025921,0.0383429,0.00147017798041,0.00909904
-0.00666768,0.0073609,5.418284881e-05,0.42551
-0.00666768,0.0073609,5.418284881e-05,0.42551
-0.00377586,0.0333235,0.00111045565225,0.0120432
-0.00687798,0.00736157,5.41927128649e-05,0.425273
-0.00678588,0.00736086,5.41822599396e-05,0.425346
-0.0125959,0.016368,0.000267911424,0.0520252
-0.00676889,0.00736057,5.41779907249e-05,0.425355
-0.00676889,0.00736057,5.41779907249e-05,0.425355
-0.00676889,0.00736057,5.41779907249e-05,0.425355
-0.00676889,0.00736057,5.41779907249e-05,0.425355
-0.00665068,0.00736034,5.41746049156e-05,0.425334
-0.00607967,0.00735265,5.40614620225e-05,0.432162
-0.00594824,0.00735291,5.40652854681e-05,0.431984
-0.00607832,0.00735253,5.40596974009e-05,0.432164
-0.00615704,0.00735686,5.41233890596e-05,0.431881
-0.00615704,0.00735686,5.41233890596e-05,0.431881
-0.00612112,0.00735298,5.40663148804e-05,0.432141
0.00824023,0.028915,0.000836077225,0.0162509
-0.0059091,0.00735335,5.40717562225e-05,0.432112
-0.00607493,0.00735243,5.40582269049e-05,0.432167
-0.00607612,0.00735339,5.40723444921e-05,0.432119
0.00350664,0.0328725,0.00108060125625,0.0123809
-0.00685484,0.00729841,5.32667885281e-05,0.453663
0.0279913,0.0287042,0.00082393109764,0.0165054
-0.00549887,0.00740546,5.48408378116e-05,0.428175
-0.00634535,0.00735085,5.40349957225e-05,0.449822
-0.144278,0.0998255,0.00996513045025,0.00136587
-0.00613926,0.00735526,5.40998496676e-05,0.432043
0.000272275,0.0223484,0.00049945098256,0.0273299
0.110791,0.145634,0.021209261956,0.000649732
0.0154748,0.0540383,0.00292013786689,0.0044104
-0.029516,0.038007,0.001444532049,0.00925041
-0.00663542,0.00730001,5.32901460001e-05,0.453841
-0.00662851,0.00729969,5.32854740961e-05,0.453827
0.053699,0.0473083,0.00223807524889,0.00602484
0.0265671,0.0785684,0.00617299347856,0.00214878
-0.0290323,0.0344541,0.00118708500681,0.0114397
0.00353481,0.0328725,0.00108060125625,0.0123805
0.00353481,0.0328725,0.00108060125625,0.0123805
0.00353481,0.0328725,0.00108060125625,0.0123805
0.00951561,0.029062,0.000844599844,0.0160676
0.00232942,0.0326638,0.00106692383044,0.0125343
0.00603496,0.0541352,0.00293061987904,0.00448278
0.061249,0.123305,0.015204123025,0.000848111
-0.00690644,0.0072986,5.326956196e-05,0.453606
0.00348126,0.0328724,0.00108059468176,0.0123805
-0.00688337,0.00729769,5.32562793361e-05,0.453662
-0.00615057,0.00735274,5.40627855076e-05,0.432078
-0.00630682,0.00735364,5.40760212496e-05,0.432026
0.00482249,0.0329571,0.00108617044041,0.01232
-0.00658682,0.0803836,0.00646152314896,0.00210748
0.00327362,0.0328933,0.00108196918489,0.0123651
-0.0266672,0.0381733,0.00145720083289,0.00917389
-0.00315706,0.0334328,0.00111775211584,0.0119657
-0.00564817,0.00735616,5.41130899456e-05,0.431007
0.0367604,0.0925976,0.00857431552576,0.00154885
0.00611327,0.0845782,0.00715347191524,0.0018441
0.0237733,0.0273476,0.00074789122576,0.01796
-0.00621758,0.00729736,5.32514629696e-05,0.453116
-0.00552321,0.00735438,5.40869051844e-05,0.431363
-0.0673879,0.0403231,0.00162595239361,0.00821336
-0.00556285,0.00735407,5.40823455649e-05,0.431351
-0.0266672,0.0381733,0.00145720083289,0.00917389
-0.00190226,0.0122513,0.00015009435169,0.0971855
-0.0266672,0.0381733,0.00145720083289,0.00917389
0.00587976,0.00737306,5.43620137636e-05,0.557058
0.0695187,0.0580021,0.00336424360441,0.00388589
0.206688,0.191266,0.036582682756,0.000371437
0.00328625,0.0328936,0.00108198892096,0.0123817
0.00349416,0.0328726,0.00108060783076,0.0123971
-0.00627443,0.00729799,5.32606580401e-05,0.452985
-0.000299379,0.0187461,0.00035141626521,0.0391796
0.00349416,0.0328726,0.00108060783076,0.0123971
-0.00563958,0.00735363,5.40758741769e-05,0.431155
-0.0276717,0.0382069,0.00145976720761,0.00915903
-0.00592851,0.00732984,5.37265544256e-05,0.452733
0.00553655,0.0333878,0.00111474518884,0.0120209
0.0381468,0.0179756,0.00032312219536,0.0431441
-0.00598171,0.00733396,5.37869692816e-05,0.45274
-0.00528874,0.00738683,5.45652574489e-05,0.431265
0.00149431,0.0339058,0.00114960327364,0.0116394
0.0080644,0.0334541,0.00111917680681,0.0119654
-0.0177429,0.119951,0.014388242401,0.000912719
0.00784859,0.0334767,0.00112068944289,0.0119503
-0.00522355,0.00738854,5.45905233316e-05,0.431129
0.00280471,0.0936372,0.00876792522384,0.00148295
-0.00530363,0.00738975,5.46084050625e-05,0.431069
0.016417,0.0442887,0.00196148894769,0.00666317
-0.0203133,0.0385135,0.00148328968225,0.00899664
0.0057607,0.0335214,0.00112368425796,0.0118915
0.00269343,0.0120812,0.00014595539344,0.100736
0.00901237,0.0161692,0.00026144302864,0.0539837
0.0680385,0.0489629,0.00239736557641,0.00581704
-0.0201283,0.0385493,0.00148604853049,0.00898259
-0.0115967,0.0164209,0.00026964595681,0.0518721
-0.00522348,0.00739414,5.46733063396e-05,0.430816
0.0136071,0.00939939,8.83485323721e-05,0.184482
-0.437602,0.191257,0.036579240049,0.000370828
-0.019002,0.0941618,0.00886644457924,0.00151436
-0.0431037,0.033175,0.001100580625,0.0121247
-0.0219635,0.0385837,0.00148870190569,0.00896771
0.0482763,0.103013,0.010611678169,0.00123739
-0.00673136,0.00734896,5.40072130816e-05,0.453367
-0.00597001,0.00735176,5.40483750976e-05,0.452588
-0.00367175,0.00736197,5.41986022809e-05,0.463296
-0.0150467,0.00964214,9.29708637796e-05,0.829515
0.0199657,0.12692,0.0161086864,0.000850182
0.110792,0.141924,0.020142421776,0.000664093
-0.0154585,0.0106663,0.00011376995569,0.138937
-0.00484325,0.00734247,5.39118657009e-05,0.440262
-0.01659,0.00857343,7.35037019649e-05,0.236987
0.0165258,0.0824323,0.00679508408329,0.00185856
-0.0435065,0.0328787,0.00108100891369,0.0123001
-0.00485589,0.00734201,5.39051108401e-05,0.440277
0.0423524,0.123275,0.015196725625,0.000834028
-0.0245867,0.0788666,0.00621994059556,0.00220524
-0.00486523,0.00734206,5.39058450436e-05,0.440279
-0.00479026,0.00734032,5.38802977024e-05,0.44057
0.00195429,0.0195022,0.00038033580484,0.0360337
0.00250314,0.0195024,0.00038034360576,0.0360149
-0.1467,0.0719915,0.00518277607225,0.00253894
0.0466792,0.0682022,0.00465154008484,0.00281472
-0.00494399,0.0073405,5.388294025e-05,0.440587
-0.0052093,0.00734209,5.39062855681e-05,0.439893
0.109847,0.0572879,0.00328190348641,0.00392347
-0.0579978,0.0746453,0.00557192081209,0.00249087
-0.0467842,0.145608,0.021201689664,0.000678698
0.299463,0.16379,0.0268271641,0.000479653
-0.005134,0.00734035,5.38807381225e-05,0.440185
-0.00497152,0.00734031,5.38801508961e-05,0.440618
-0.00456267,0.00734698,5.39781151204e-05,0.440335
-0.326032,0.176042,0.030990785764,0.000432579
-0.00488739,0.00734204,5.39055513616e-05,0.440373
-0.00486573,0.00734182,5.39023209124e-05,0.440245
-0.0103993,0.0903008,0.00815423448064,0.00164188
-0.00485851,0.0073431,5.392111761e-05,0.440075
-0.00482218,0.00734159,5.38989437281e-05,0.440261
-0.00530983,0.007344,5.3934336e-05,0.440872
-0.101233,0.108066,0.011678260356,0.0011795
-0.0298564,0.0351962,0.00123877249444,0.010875
-0.0356425,0.0899081,0.00808346644561,0.00169814
-0.0157064,0.0577484,0.00333487770256,0.00397636
-0.00521964,0.00735242,5.40580798564e-05,0.44036
-0.00521964,0.00735242,5.40580798564e-05,0.44036
-0.0413323,0.0328145,0.00107679141025,0.0123438
-0.0203715,0.0342055,0.00117001623025,0.0113931
-0.00492371,0.00735673,5.41214762929e-05,0.44037
-0.0316542,0.0230347,0.00053059740409,0.025265
-0.00518093,0.00735714,5.41275089796e-05,0.440234
-0.0051668,0.00735829,5.41444317241e-05,0.440404
-0.00497423,0.00736057,5.41779907249e-05,0.440403
-0.0339238,0.0661418,0.00437473770724,0.00305067
-0.0234032,0.018147,0.000329313609,0.0428603
-0.00507607,0.00736096,5.41837321216e-05,0.440011
-0.00459963,0.00735965,5.41644481225e-05,0.441208
0.0699478,0.0706282,0.00498834263524,0.00267206
-0.00485161,0.00735959,5.41635649681e-05,0.441422
-0.00306563,0.0073635,5.422113225e-05,0.445028
-0.00288027,0.00736105,5.41850571025e-05,0.444915
0.108638,0.231659,0.053665892281,0.000232796
-0.0223691,0.0331092,0.00109621912464,0.0124305
-0.0611985,0.112218,0.012592879524,0.00103613
-0.0609253,0.109731,0.012040892361,0.00105456
0.00736804,0.00798557,6.37693282249e-05,0.328986
-0.0144474,0.00854264,7.29766981696e-05,0.238352
0.00363726,0.021709,0.000471280681,0.0289559
-0.0401203,0.033107,0.001096073449,0.0120897
-0.0439628,0.033216,0.001103302656,0.0120114
0.00425686,0.0217273,0.00047207556529,0.0289113
-0.0414195,0.0974262,0.00949186444644,0.00140462
0.00423125,0.0217272,0.00047207121984,0.0289104
0.00422268,0.0217272,0.00047207121984,0.0289131
0.0153978,0.00814076,6.62719733776e-05,0.27227
-0.111627,0.095744,0.009166913536,0.00142366
0.0155862,0.00815006,6.64234780036e-05,0.271466
-0.040589,0.0331289,0.00109752401521,0.0120761
0.0638393,0.0746655,0.00557493689025,0.00236915
0.015864,0.00815422,6.64913038084e-05,0.271267
-0.0146956,0.101653,0.010333332409,0.00128638
0.459144,0.317046,0.100518166116,0.000170368
0.00102583,0.00734399,5.39341891201e-05,0.547358
0.0270599,0.0710857,0.00505317674449,0.00261545
-0.116058,0.169478,0.028722792484,0.000463449
-0.00076744,0.0364444,0.00132819429136,0.0100142
-0.00170882,0.00731957,5.35761049849e-05,0.534369
0.0160925,0.00815479,6.65005999441e-05,0.271273
-0.0131447,0.0335629,0.00112646825641,0.0119022
0.000530014,0.00735028,5.40266160784e-05,0.550344
-0.0162292,0.00867456,7.52479911936e-05,0.231376
-0.0157917,0.00868823,7.54853405329e-05,0.230548
0.00528242,0.0217268,0.00047205383824,0.0289241
0.0155496,0.00816094,6.66009416836e-05,0.270853
-0.0931271,0.0952022,0.00906345888484,0.00143878
0.0589608,0.0773525,0.00598340925625,0.00224264
0.016007,0.00816892,6.67312539664e-05,0.27077
0.0458141,0.077639,0.006027814321,0.00221246
0.00345737,0.0216533,0.00046886540089,0.0291342
0.003417,0.0216533,0.00046886540089,0.0291178
0.00518451,0.0217323,0.00047229286329,0.0288795
0.0101336,0.0543231,0.00295099919361,0.00452468
0.00318276,0.0215979,0.00046646928441,0.0292816
-0.0469207,0.088943,0.007910857249,0.00182061
0.0147164,0.0213439,0.00045556206721,0.029108
0.0157791,0.00828244,6.85988123536e-05,0.264566
-0.0691682,0.0361659,0.00130797232281,0.0102279
-0.106941,0.129516,0.016774394256,0.000757904
-0.0156083,0.00872037,7.60448529369e-05,0.230056
-0.080442,0.074412,0.005537145744,0.00236622
0.00879323,0.0423663,0.00179490337569,0.00737422
0.0166861,0.00820144,6.72636180736e-05,0.271677
-0.0202144,0.0340204,0.00115738761616,0.0115414
0.0169807,0.00819845,6.72145824025e-05,0.271924
-0.0161845,0.00871384,7.59310075456e-05,0.230596
-0.0163996,0.00871337,7.59228167569e-05,0.230577
0.00012718,0.00739381,5.46684263161e-05,0.549043
-0.0166207,0.00873598,7.63173465604e-05,0.229878
-0.016553,0.0087337,7.627751569e-05,0.229831
0.00804705,0.0377193,0.00142274559249,0.00935987
-0.00214402,0.00736651,5.42654695801e-05,0.536949
0.077966,0.0820037,0.00672460681369,0.00203669
0.000159953,0.00739062,5.46212639844e-05,0.549542
-0.0980872,0.0540418,0.00292051614724,0.00464739
-0.0454455,0.0366863,0.00134588460769,0.0100275
-0.0157506,0.00871782,7.60003855524e-05,0.230567
-0.0506948,0.105112,0.011048532544,0.00122076
-0.040477,0.0331262,0.00109734512644,0.0120655
0.00151955,0.0216688,0.00046953689344,0.0291576
0.000619223,0.0217046,0.00047108966116,0.0290737
-0.00173667,0.0217749,0.00047414627001,0.0289159
-0.0161386,0.00874133,7.64108501689e-05,0.230281
-0.049137,0.05036,0.0025361296,0.00514872
0.000325069,0.0219373,0.00048124513129,0.0284665
-0.00140716,0.0218229,0.00047623896441,0.0287743
0.0528937,0.0364282,0.00132701375524,0.0100632
-0.0398042,0.0333179,0.00111008246041,0.0119265
0.0538286,0.0600163,0.00360195626569,0.00362789
-0.0876201,0.0746801,0.00557711733601,0.00237548
-0.000454209,0.0218823,0.00047883505329,0.0286361
-0.000548906,0.021888,0.000479084544,0.0286206
0.000648114,0.0218655,0.00047810009025,0.0286845
-0.0418697,0.105058,0.011037183364,0.00121159
0.0726585,0.110591,0.012230369281,0.00107985
-0.0408465,0.0331935,0.00110180844225,0.0120108
0.00443461,0.0072355,5.235246025e-05,0.51884
0.0064285,0.0907462,0.00823487281444,0.00161917
0.0042615,0.0118722,0.00014094913284,0.105984
0.0124474,0.0077439,5.996798721e-05,0.336324
0.00362553,0.0579974,0.00336369840676,0.00406831
-0.0348992,0.0106963,0.00011441083369,0.133473
-0.0428278,0.0339436,0.00115216798096,0.0117206
0.0804974,0.0693667,0.00481173906889,0.00275039
-0.0413403,0.0339432,0.00115214082624,0.0117209
0.1058,0.0504839,0.00254862415921,0.00521381
-0.032135,0.0110941,0.00012307905481,0.122207
0.0454857,0.053261,0.002836734121,0.00475191
0.0050965,0.00726097,5.27216853409e-05,0.513166
0.014069,0.00867518,7.52587480324e-05,0.228256
-0.0567296,0.0580046,0.00336453362116,0.0038396
-0.0898184,0.0462208,0.00213636235264,0.00631169
0.0139056,0.00867733,7.52960559289e-05,0.22824
-0.0344402,0.0106383,0.00011317342689,0.134396
-0.102995,0.0931622,0.00867919550884,0.00148879
-0.00132322,0.135273,0.018298784529,0.00071126
-0.0348096,0.0106396,0.00011320108816,0.134285
0.00452119,0.011772,0.000138579984,0.107277
0.0474655,0.0515909,0.00266162096281,0.00504303
-0.0343512,0.010633,0.000113060689,0.134511
0.010347,0.108892,0.011857467664,0.00108055
-0.0343339,0.0106575,0.00011358230625,0.13404
0.0661165,0.0471675,0.00222477305625,0.00595257
-0.0252348,0.0211371,0.00044677699641,0.0312372
-0.0344491,0.01066,0.0001136356,0.133996
-0.0375233,0.0367332,0.00134932798224,0.00985169
0.0238178,0.0885124,0.00783444495376,0.00168767
0.0151475,0.00867526,7.52601360676e-05,0.228387
0.0105079,0.00730628,5.33817274384e-05,0.456999
-0.0283802,0.0125401,0.00015725410801,0.0941577
-0.0837445,0.0449126,0.00201714163876,0.00656779
0.0497457,0.0751579,0.00564870993241,0.0023641
-0.0670534,0.135279,0.018300407841,0.000741863
0.00315212,0.0117932,0.00013907956624,0.107128
-0.0754848,0.0731832,0.00535578076224,0.00245689
0.0611603,0.0512623,0.00262782340129,0.00510346
0.00141322,0.0183585,0.00033703452225,0.0409156
0.000407105,0.0289183,0.00083626807489,0.0161366
0.00336312,0.011786,0.000138909796,0.107276
0.00129498,0.0183621,0.00033716671641,0.0409001
0.0112435,0.0160999,0.00025920678001,0.053529
0.0116222,0.0160982,0.00025915204324,0.0535389
0.00158647,0.0183201,0.00033562606401,0.0411037
-0.0423657,0.0339933,0.00115554444489,0.0116789
0.00136266,0.0183561,0.00033694640721,0.0409285
0.0108242,0.00730203,5.33196421209e-05,0.457426
0.0120697,0.00805163,6.48287456569e-05,0.284123
0.0017899,0.0183528,0.00033682526784,0.0409402
0.0122826,0.00850797,7.23855535209e-05,0.241068
-0.0662007,0.035462,0.001257553444,0.0104845
0.0106972,0.00730187,5.33173054969e-05,0.457992
0.00328652,0.00961315,9.24126529225e-05,0.173428
0.0528324,0.0676049,0.00457042250401,0.00298854
0.00345638,0.00961336,9.24166904896e-05,0.173438
0.00357454,0.00961424,9.24336107776e-05,0.173409
-0.00866298,0.0120273,0.00014465594529,0.101215
0.00594553,0.0169377,0.00028688568129,0.048198
0.00357454,0.00961424,9.24336107776e-05,0.173409
-0.00250732,0.0239217,0.00057224773089,0.0237985
-0.0410158,0.0342501,0.00117306935001,0.0114928
-0.021932,0.0788599,0.00621888382801,0.00209095
-0.0451224,0.0158729,0.00025194895441,0.944189
-0.00923906,0.0554359,0.00307313900881,0.00449685
-0.0395743,0.0179152,0.00032095439104,0.0431441
-0.00797713,0.0361499,0.00130681527001,0.010227
0.00602993,0.0169424,0.00028704491776,0.048185
0.0101007,0.00803043,6.44878059849e-05,0.283047
-0.00384342,0.0153161,0.00023458291921,0.0599808
0.052445,0.0516784,0.00267065702656,0.00502683
-0.0435587,0.0339905,0.00115535409025,0.0116642
-0.0678517,0.0356819,0.00127319798761,0.0106135
0.00513409,0.0169848,0.00028848343104,0.0479736
0.00626754,0.0115278,0.00013289017284,0.1124
0.00609006,0.0115238,0.00013279796644,0.112496
-0.0451885,0.0341276,0.00116469308176,0.0115502
0.00353848,0.0117619,0.00013834229161,0.107484
0.0611603,0.0512623,0.00262782340129,0.00510361
0.00586973,0.0133465,0.00017812906225,0.0806287
0.00330952,0.0137869,0.00019007861161,0.0750171
0.0363049,0.0260617,0.00067921220689,0.0197496
-0.00289656,0.0170295,0.00029000387025,0.0484258
0.00678559,0.00826173,6.82561825929e-05,0.266167
0.00712504,0.0280183,0.00078502513489,0.0170729
0.0705379,0.0511812,0.00261951523344,0.00510346
0.0647512,0.0249879,0.00062439514641,0.021538
0.0134254,0.0073105,5.344341025e-05,0.445813
-0.030042,0.0127157,0.00016168902649,0.0917444
0.00201177,0.013645,0.000186186025,0.0761737
0.0087403,0.0135547,0.00018372989209,0.0776819
0.00747738,0.0132413,0.00017533202569,0.0812972
0.0288236,0.224177,0.050255327329,0.000247808
-0.0303539,0.0127122,0.00016160002884,0.0917543
0.0242241,0.0733815,0.00538484454225,0.0024594
0.0270659,0.0570917,0.00325946220889,0.0039413
-0.0161776,0.0126974,0.00016122396676,0.909102
0.0142644,0.00731149,5.34578860201e-05,0.445761
0.0528185,0.112221,0.012593552841,0.00106692
-0.0171025,0.0316432,0.00100129210624,0.0133039
0.00874391,0.0135552,0.00018374344704,0.0776998
0.0727014,0.0510994,0.00261114868036,0.00511888
0.0705415,0.051182,0.002619597124,0.00510361
0.002515,0.013647,0.000186240609,0.0761962
-0.124351,0.105082,0.011042226724,0.00122155
0.0136463,0.007311,5.3450721e-05,0.444939
0.0116562,0.00849685,7.21964599225e-05,0.240372
-0.0629586,0.0379656,0.00144138678336,0.00913242
0.0124425,0.00754117,5.68692449689e-05,0.362223
0.00237188,0.0356777,0.00127289827729,0.0105725
-0.000159921,0.0974083,0.00948837690889,0.00132954
0.0118165,0.00752993,5.66998458049e-05,0.362829
-0.0920206,0.0813632,0.00661997031424,0.00202373
0.0653999,0.0908091,0.00824629264281,0.00162277
0.0726311,0.0510979,0.00261099538441,0.00513429
0.0636521,0.0514265,0.00264468490225,0.00507293
0.00194669,0.0120845,0.00014603514025,0.100762
0.0189824,0.0316232,0.00100002677824,0.0136058
0.00875737,0.0135355,0.00018320976025,0.0779165
0.01216,0.0075276,5.666476176e-05,0.36289
0.0118797,0.00752406,5.66114788836e-05,0.363175
0.00290438,0.0136229,0.00018558340441,0.0764179
0.0111007,0.00802312,6.43704545344e-05,0.284574
0.0111007,0.00802312,6.43704545344e-05,0.284574
0.0223026,0.0834264,0.00695996421696,0.00190096
0.0126699,0.00731103,5.34511596609e-05,0.440349
-0.0254625,0.0239398,0.00057311402404,0.023604
-0.064494,0.0378086,0.00142949023396,0.0092087
0.0125819,0.00730688,5.33904953344e-05,0.439922
-0.0236822,0.065626,0.004306771876,0.00306767
0.0127023,0.00730779,5.34037946841e-05,0.440013
0.0125599,0.00730699,5.33921028601e-05,0.43992
0.0125497,0.00730669,5.33877187561e-05,0.439906
0.0125819,0.00730688,5.33904953344e-05,0.439922
0.0125497,0.00730669,5.33877187561e-05,0.439906
0.0126157,0.00730433,5.33532367489e-05,0.439533
0.0121889,0.00730611,5.33792433321e-05,0.439336
-0.0963215,0.046138,0.002128715044,0.00636176
0.0122129,0.00730628,5.33817274384e-05,0.439351
0.0122567,0.00730724,5.33957564176e-05,0.439415
-0.0270901,0.0344118,0.00118417197924,0.0113474
-0.0100431,0.0379167,0.00143767613889,0.00927503
0.0721079,0.0510176,0.00260279550976,0.00514987
0.0123182,0.00730832,5.34115412224e-05,0.439638
-0.00207202,0.0180382,0.00032537665924,0.0423627
0.0123216,0.00730837,5.34122720569e-05,0.439666
-0.0263378,0.0991579,0.00983228913241,0.00131865
0.0123867,0.00730892,5.34203115664e-05,0.439699
0.0123278,0.00730863,5.34160724769e-05,0.439623
0.0123003,0.00730866,5.34165109956e-05,0.439604
0.011151,0.00802827,6.44531191929e-05,0.284012
0.0208535,0.0199517,0.00039807033289,0.0342787
0.0636555,0.0514274,0.00264477747076,0.00507309
0.0130677,0.0216119,0.00046707422161,0.0290114
-0.0263673,0.0513689,0.00263876388721,0.00502813
-0.00394899,0.0370727,0.00137438508529,0.00992459
-0.027454,0.128238,0.016444984644,0.000805352
0.00965714,0.0150383,0.00022615046689,0.123478
0.00331364,0.0136652,0.00018673769104,0.075914
-0.0808362,0.0642876,0.00413289551376,0.00326277
0.00338597,0.0136674,0.00018679782276,0.0758831
0.0119251,0.00731045,5.34426792025e-05,0.440049
0.164832,0.0889608,0.00791402393664,0.00170231
-0.0437764,0.0597267,0.00356727869289,0.00371035
0.0728276,0.0508563,0.00258636324969,0.00518103
0.0721079,0.0510176,0.00260279550976,0.00514987
-0.0281428,0.0126605,0.00016028826025,0.0930181
0.0247325,0.0463978,0.00215275584484,0.00631101
0.00982208,0.0771562,0.00595307919844,0.00219726
0.0383064,0.0902538,0.00814574841444,0.0017145
0.0721437,0.0510166,0.00260269347556,0.00514987
0.0728527,0.0508556,0.00258629205136,0.00518103
0.0728527,0.0508556,0.00258629205136,0.00518103
0.00323503,0.0137421,0.00018884531241,0.0749582
0.0105916,0.00803368,6.45400143424e-05,0.286076
0.0728137,0.0508557,0.00258630222249,0.00518087
0.0252024,0.0845317,0.00714560830489,0.00178129
0.0730037,0.0773532,0.00598351755024,0.00221376
0.0728137,0.0508557,0.00258630222249,0.00518087
0.0728276,0.0508563,0.00258636324969,0.00518103
0.0640899,0.0501481,0.00251483193361,0.00533621
-0.00244086,0.0241914,0.00058522383396,0.0235226
0.012844,0.00846453,7.16482681209e-05,0.241645
0.0129496,0.008461,7.1588521e-05,0.242389
-0.00814283,0.00846902,7.17242997604e-05,0.25456
0.0721042,0.0510167,0.00260270367889,0.00514971
0.0132598,0.00729936,5.32806564096e-05,0.446745
0.00621283,0.0134814,0.00018174814596,0.0784743
0.00559795,0.0135135,0.00018261468225,0.0780262
0.0615846,0.0500723,0.00250723522729,0.00535213
0.0704926,0.0511799,0.00261938216401,0.00511951
0.00485502,0.0137123,0.00018802717129,0.075572
0.0771343,0.0349296,0.00122007695616,0.0110445
0.0120483,0.00750483,5.63224733289e-05,0.36869
0.0734757,0.0507731,0.00257790768361,0.00519629
0.0727751,0.0509333,0.00259420104889,0.00516513
0.00420994,0.0136883,0.00018736955689,0.0757309
0.0495944,0.0706444,0.00499063125136,0.00269036
-0.00704418,0.0190345,0.00036231219025,0.0379439
0.0605002,0.0963177,0.00927709933329,0.0014366
0.0733033,0.051014,0.002602428196,0.00514971
0.033878,0.0332463,0.00110531646369,0.0118999
0.0733033,0.051014,0.002602428196,0.00514971
-0.0184879,0.0388054,0.00150585906916,0.00902418
0.00879044,0.0936235,0.00876535975225,0.00157456
-0.02288,0.0316445,0.00100137438025,0.013362
-0.00655109,0.019024,0.000361912576,0.0379547
0.199426,0.145536,0.021180727296,0.000617818
0.0745562,0.0704161,0.00495842713921,0.00269467
0.0778717,0.0510132,0.00260234657424,0.00515035
0.0750733,0.0494694,0.00244722153636,0.00549112
0.0213176,0.0791442,0.00626380439364,0.00202273
-0.00787199,0.0190893,0.00036440137449,0.0376807
0.0623991,0.130962,0.017151045444,0.000741565
0.138436,0.163764,0.026818647696,0.000525421
0.0800883,0.0511775,0.00261913650625,0.00511966
-0.0568918,0.083435,0.006961399225,0.00182279
-0.0985425,0.108024,0.011669184576,0.00113941
-0.084178,0.0446918,0.00199735698724,0.0066304
-0.0309337,0.012806,0.000163993636,0.0913144
0.0166924,0.0834207,0.00695901318849,0.00184051
-0.0609751,0.109664,0.012026192896,0.00106841
-0.000452552,0.0137772,0.00018981123984,0.0746753
0.0780884,0.0516752,0.00267032629504,0.00501234
0.0145865,0.00835591,6.98212319281e-05,0.24899
0.00501621,0.0137406,0.00018880408836,0.0758112
0.0158168,0.00854716,7.30539440656e-05,0.243812
-0.235135,0.08942,0.0079959364,0.00168705
5.44334e-05,0.0137369,0.00018870242161,0.0751904
0.01376,0.0083273,6.934392529e-05,0.269278
0.0188054,0.0791523,0.00626508659529,0.00202267
-0.00250406,0.0139164,0.00019366618896,0.0741181
0.00228727,0.0257048,0.00066073674304,0.0207917
0.028145,0.0416312,0.00173315681344,0.00738491
0.0136561,0.00794565,6.31333539225e-05,0.297647
0.0222337,0.00852744,7.27172329536e-05,0.239125
-0.0540699,0.0788639,0.00621951472321,0.00215865
-0.079199,0.114014,0.012999192196,0.000991019
0.0230567,0.0106982,0.00011445148324,0.13347
-0.0131354,0.0151367,0.00022911968689,0.0612377
0.0224711,0.00852397,7.26580645609e-05,0.239193
0.0227066,0.00851861,7.25667163321e-05,0.239682
0.00970946,0.0112659,0.00012692050281,0.1158
0.0235906,0.010687,0.000114211969,0.133763
0.0225207,0.00851992,7.25890368064e-05,0.239742
0.0233628,0.00855132,7.31250737424e-05,0.23817
0.0233904,0.00855256,7.31462825536e-05,0.238145
0.0228269,0.0085166,7.253247556e-05,0.239714
0.0291168,0.00828827,6.86954195929e-05,0.260863
0.02215,0.00851363,7.24818957769e-05,0.239629
0.0304637,0.0194977,0.00038016030529,0.0358453
0.0101307,0.0112835,0.00012731737225,0.115561
-0.0417799,0.0401589,0.00161273724921,0.00821947
0.0148464,0.011775,0.000138650625,0.105753
0.027781,0.0109614,0.00012015228996,0.12549
0.0225108,0.00851204,7.24548249616e-05,0.239817
0.121881,0.151656,0.022999542336,0.000571605
0.0225028,0.00851029,7.24250358841e-05,0.239884
0.0146234,0.0117766,0.00013868830756,0.105631
0.036058,0.074403,0.005535806409,0.00242538
0.0358592,0.066333,0.004400066889,0.00301102
0.0156145,0.0100269,0.00010053872361,0.154273
0.0359846,0.0288682,0.00083337297124,0.016032
0.175484,0.116847,0.013653221409,0.000973755
0.0149447,0.0117752,0.00013865533504,0.105671
0.0217171,0.00851547,7.25132293209e-05,0.239539
-0.0207284,0.0225202,0.00050715940804,0.0268108
-0.0844283,0.0674224,0.00454578002176,0.00285467
-0.0495947,0.0860608,0.00740646129664,0.00183591
0.0221362,0.0106581,0.00011359509561,0.13468
-0.0460518,0.0473367,0.00224076316689,0.0058379
0.0484614,0.0941454,0.00886335634116,0.0014824
0.0419997,0.0800338,0.00640540914244,0.00214159
-0.0198828,0.0807197,0.00651566996809,0.00196424
-0.0498178,0.0298898,0.00089340014404,0.0151184
-0.0587765,0.100399,0.010079959201,0.00132888
-0.087316,0.0710853,0.00505311987609,0.00273951
-0.0184356,0.0936382,0.00876811249924,0.00142146
-0.0644711,0.0605629,0.00366786485641,0.00357709
0.16363,0.151656,0.022999542336,0.000571199
0.0232208,0.00851301,7.24713392601e-05,0.239865
-0.0249634,0.00786937,6.19269841969e-05,0.324315
-0.0555171,0.0431397,0.00186103371609,0.00721318
0.0232208,0.00851301,7.24713392601e-05,0.239865
0.0229171,0.00851018,7.24231636324e-05,0.24029
-0.0417762,0.0401601,0.00161283363201,0.00822023
-0.0299438,0.0350831,0.00123082390561,0.0109653
0.0228445,0.0085257,7.268756049e-05,0.240027
0.0824818,0.102336,0.010472656896,0.00124942
0.160418,0.125706,0.015801998436,0.00087925
0.0158129,0.0118459,0.00014032534681,0.104408
-0.139414,0.0782181,0.00611807116761,0.00209043
-0.0842862,0.121045,0.014651892025,0.000882408
0.0210269,0.0751714,0.00565073937796,0.00237794
0.0196765,0.011676,0.000136328976,0.108285
0.0224996,0.105826,0.011199142276,0.00120683
-0.0415144,0.0187812,0.00035273347344,0.0395867
0.0142863,0.0118713,0.00014092776369,0.103886
-0.0465713,0.0403565,0.00162864709225,0.00814337
-0.0439822,0.0402396,0.00161922540816,0.00819015
-0.0432361,0.0401999,0.00161603196001,0.00820532
0.0607776,0.100471,0.010094421841,0.00126465
0.0159381,0.00772431,5.96649649761e-05,0.33554
0.0212787,0.0615139,0.00378395989321,0.00346273
-0.00227344,0.0363974,0.00132477072676,0.0100848
0.0145362,0.0118786,0.00014110113796,0.103764
0.0273358,0.0109455,0.00011980397025,0.126348
0.0141486,0.0118845,0.00014124134025,0.103604
-0.166623,0.0770719,0.00594007776961,0.00225922
-0.0403098,0.0754416,0.00569143501056,0.00232992
0.0160726,0.00770351,5.93440663201e-05,0.339738
0.0277835,0.0109814,0.00012059114596,0.125386
0.0045135,0.0338812,0.00114793571344,0.0116629
0.0279134,0.0109811,0.00012058455721,0.125375
0.0098114,0.00997013,9.94034922169e-05,0.161031
-0.108365,0.107319,0.011517367761,0.00114654
0.0277835,0.0109814,0.00012059114596,0.125386
0.0127466,0.00777786,6.04951061796e-05,0.331566
-0.0244929,0.0164056,0.00026914371136,0.0522772
0.015985,0.00770298,5.93359008804e-05,0.339753
-0.00395592,0.0325814,0.00106154762596,0.0127771
0.0160665,0.0077022,5.932388484e-05,0.339679
0.0161759,0.00770255,5.93292765025e-05,0.339741
0.10321,0.0794105,0.00630602751025,0.00215097
0.0161268,0.00770258,5.93297386564e-05,0.339669
-0.0510903,0.033096,0.001095345216,0.0121682
-0.0247392,0.119935,0.014384404225,0.000912804
-0.010753,0.0666513,0.00444239579169,0.00296308
0.109105,0.081666,0.006669335556,0.00194027
0.0159449,0.00770442,5.93580875364e-05,0.339749
-0.0464219,0.0404003,0.00163218424009,0.00812845
-0.135197,0.100383,0.010076746689,0.00128332
0.044021,0.0729282,0.00531852235524,0.00247993
-0.0321107,0.00734491,5.39477029081e-05,0.567873
0.0160205,0.00770286,5.93340521796e-05,0.339797
0.0146259,0.0907528,0.00823607070784,0.00160782
0.0160014,0.00770252,5.93288143504e-05,0.339704
-0.0267122,0.0288475,0.00083217825625,0.0161325
-0.0279698,0.027637,0.000763803769,0.0182045
0.0158547,0.00770115,5.93077113225e-05,0.339719
0.0292216,0.0856624,0.00733804677376,0.00174275
0.027409,0.0521145,0.00271592111025,0.00489016
0.0272644,0.0109814,0.00012059114596,0.12532
0.0139694,0.012043,0.000145033849,0.100742
0.0275213,0.0109795,0.00012054942025,0.125409
-0.00889324,0.0834639,0.00696622260321,0.00192177
0.0126252,0.116939,0.013674729721,0.000941387
-0.0312329,0.00736713,5.42746044369e-05,0.569741
0.013729,0.0120297,0.00014471368209,0.101029
-0.0569813,0.102359,0.010477364881,0.00126727
-0.00352264,0.0715003,0.00511229290009,0.00260835
0.0709297,0.0856199,0.00733076727601,0.00181165
0.0159001,0.00769473,5.92088697729e-05,0.339661
0.0158332,0.00769482,5.92102548324e-05,0.33964
0.0161044,0.00769462,5.92071769444e-05,0.33968
0.07084,0.0461886,0.00213338676996,0.00630661
0.0280892,0.0109763,0.00012047916169,0.125436
0.0162795,0.00768899,5.91205672201e-05,0.339807
0.00397375,0.0113423,0.00012864776929,0.117768
0.0204146,0.115911,0.013435359921,0.000958387
-0.0326266,0.00733077,5.37401887929e-05,0.567279
0.0162107,0.00767772,5.89473843984e-05,0.339848
-0.053011,0.113115,0.012795003225,0.00099016
0.0160782,0.00767697,5.89358683809e-05,0.339904
0.0160339,0.00767762,5.89458488644e-05,0.339827
0.0689093,0.0731452,0.00535022028304,0.00250794
0.0139344,0.0519465,0.00269843886225,0.00490544
0.0139344,0.0519465,0.00269843886225,0.00490544
0.0161635,0.00767659,5.89300340281e-05,0.339888
0.0157052,0.0516068,0.00266326180624,0.0049818
-0.0640295,0.086894,0.007550567236,0.0017455
0.0160404,0.00767683,5.89337188489e-05,0.339825
0.0285982,0.0109647,0.00012022464609,0.125591
0.0163948,0.0076785,5.895936225e-05,0.340492
-0.0622646,0.0459783,0.00211400407089,0.00628355
0.0668899,0.0957339,0.00916497960921,0.00140554
0.0147421,0.0119709,0.00014330244681,0.102142
0.0155097,0.00769052,5.91440978704e-05,0.338732
0.0150778,0.00770234,5.93260414756e-05,0.33683
0.0299051,0.011049,0.000122080401,0.123572
-0.0434642,0.0373019,0.00139143174361,0.00950659
0.015145,0.00770006,5.92909240036e-05,0.336809
0.0153747,0.00769856,5.92678260736e-05,0.336886
0.0141332,0.00803812,6.46113731344e-05,0.288295
-0.00258919,0.00978118,9.56714821924e-05,0.16428
0.0289066,0.0110416,0.00012191693056,0.123715
-0.14528,0.140166,0.019646507556,0.000694487
-0.0259222,0.00749765,5.62147555225e-05,0.625328
-0.0592431,0.0549339,0.00301773336921,0.00437535
-0.0258433,0.00749903,5.62354509409e-05,0.625154
0.0295867,0.011041,0.000121903681,0.123735
-0.0258767,0.00750283,5.62924580089e-05,0.625474
-0.0117074,0.00726671,5.28050742241e-05,0.501421
0.0169643,0.088504,0.007832958016,0.001701
0.0294515,0.0110455,0.00012200307025,0.123665
0.029697,0.0110448,0.00012198760704,0.123684
-0.00220265,0.00977774,9.56041995076e-05,0.164806
0.0143567,0.00770525,5.93708775625e-05,0.339601
0.0810641,0.0273462,0.00074781465444,0.0181606
-0.0254853,0.00750321,5.62981603041e-05,0.625305
-0.0114879,0.00726687,5.28073995969e-05,0.501405
0.0143974,0.00770303,5.93366711809e-05,0.336841
-0.0116949,0.00726725,5.28129225625e-05,0.501343
-0.0258727,0.00750308,5.62962094864e-05,0.625467
0.029574,0.0110447,0.00012198539809,0.123665
-0.0872946,0.0702152,0.00493017431104,0.0026241
0.029684,0.0110614,0.00012235456996,0.12334
-0.00220904,0.00979188,9.58809139344e-05,0.163989
0.0295769,0.0110442,0.00012197435364,0.123654
-0.140593,0.0759954,0.00577530082116,0.00233219
-0.0998841,0.0711374,0.00506052967876,0.00254958
-0.00385813,0.0631586,0.00398900875396,0.0032701
-0.0256153,0.00750228,5.62842051984e-05,0.625274
0.0145967,0.00770128,5.93097136384e-05,0.337115
-0.0177796,0.0125237,0.00015684306169,0.905942
0.0733361,0.0466132,0.00217279041424,0.00619994
-0.0256723,0.00750331,5.62996609561e-05,0.625505
-0.0114918,0.00726079,5.27190714241e-05,0.501511
0.0214386,0.118977,0.014155526529,0.000910662
-0.00214885,0.00978366,9.57200029956e-05,0.164278
0.0273975,0.052115,0.002715973225,0.00489016
-0.0179517,0.0124004,0.00015376992016,0.903958
0.0164979,0.124428,0.015482327184,0.000883584
0.0267567,0.0116227,0.00013508715529,0.10971
0.0199338,0.0526402,0.00277099065604,0.00478395
0.0267574,0.0116275,0.00013519875625,0.109585
-0.0533597,0.0880661,0.00775563796921,0.00164786
-0.0449992,0.0823666,0.00678425679556,0.00202931
0.0564287,0.04779,0.0022838841,0.00585393
-0.0511201,0.0651325,0.00424224255625,0.00310914
0.0225358,0.00997674,9.95353410276e-05,0.157292
0.0068581,0.0229154,0.00052511555716,0.0260387
-0.0103166,0.00726502,5.27805156004e-05,0.505277
0.0597052,0.0773279,0.00597960411841,0.00216644
-0.0102945,0.00726601,5.27949013201e-05,0.505216
-0.0331774,0.0157803,0.00024901786809,0.0561105
0.012362,0.00768106,5.89986827236e-05,0.340597
0.0080267,0.0685892,0.00470447835664,0.00289178
0.00939098,0.00726484,5.27779002256e-05,0.498811
-0.00331632,0.00992451,9.84958987401e-05,0.157996
0.027624,0.011039,0.000121859521,0.12367
0.103949,0.0773517,0.00598328549289,0.00225448
0.0282504,0.0325232,0.00105775853824,0.0127204
0.0828417,0.0741224,0.00549413018176,0.00236315
-0.0037089,0.00993051,9.86150288601e-05,0.157726
-0.0223307,0.00742202,5.50863808804e-05,0.603991
0.0618653,0.113995,0.012994860025,0.0010076
-0.0365116,0.0241847,0.00058489971409,0.023509
-0.00349503,0.00992788,9.85628012944e-05,0.157822
-0.179039,0.0813809,0.00662285088481,0.00205551
-0.019846,0.00748133,5.59702985689e-05,0.60765
0.0273815,0.0117911,0.00013903003921,0.106488
0.0285236,0.0117755,0.00013866240025,0.106747
0.0207445,0.00737124,5.43351791376e-05,0.488474
0.0286301,0.0111321,0.00012392365041,0.122165
-0.024251,0.0184238,0.00033943640644,0.0406247
0.0200033,0.00737635,5.44105393225e-05,0.449678
-0.00971981,0.0196039,0.00038431289521,0.036178
-0.00456378,0.00986104,9.72401098816e-05,0.160418
0.0053959,0.00754911,5.69890617921e-05,0.63723
0.0269781,0.00899817,8.09670633489e-05,0.246879
0.0153647,0.00844505,7.13188695025e-05,0.278373
0.0132786,0.00854754,7.30604400516e-05,0.257312
0.0160285,0.00871821,7.60071856041e-05,0.243532
0.0202445,0.0437149,0.00191099248201,0.00703653
0.119841,0.0728895,0.00531287921025,0.00245197
0.0304559,0.0951968,0.00906243073024,0.00144981
0.0864146,0.0726772,0.00528197539984,0.00252049
0.0231676,0.0143349,0.00020548935801,0.0682274
-0.019998,0.00745108,5.55185931664e-05,0.391798
0.0431764,0.0936401,0.00876846832801,0.00151113
0.0165624,0.044271,0.001959921441,0.00683473
0.00833557,0.0100279,0.00010055877841,0.153711
-0.029515,0.00777165,6.03985437225e-05,0.321693
-0.029515,0.00777165,6.03985437225e-05,0.321693
0.0495691,0.0830565,0.00689838219225,0.00185603
-0.0294616,0.0077716,6.039776656e-05,0.321683
0.0558932,0.0936427,0.00876895526329,0.00149585
0.0431764,0.0936401,0.00876846832801,0.00151113
0.0222872,0.00806252,6.50042287504e-05,0.281325
0.0665216,0.0734279,0.00539165649841,0.00233269
0.0217986,0.0606975,0.00368418650625,0.00351796
0.23197,0.147541,0.021768346681,0.000586836
0.250584,0.151648,0.022997115904,0.000555401
0.0234186,0.0143133,0.00020487055689,0.0684923
-0.0294616,0.0077716,6.039776656e-05,0.321683
0.0643789,0.0926425,0.00858263280625,0.00154188
0.0233374,0.0143183,0.00020501371489,0.0684131
-0.0292826,0.00777187,6.04019632969e-05,0.321667
-0.0727133,0.0420352,0.00176695803904,0.00733953
0.0385565,0.0941527,0.00886473091729,0.00149576
0.0385565,0.0941527,0.00886473091729,0.00149576
-0.0292402,0.00776936,6.03629548096e-05,0.32188
0.024608,0.0143115,0.00020481903225,0.0684993
0.00472036,0.0472944,0.00223676027136,0.00595791
0.00962156,0.0916904,0.00840712945216,0.0015456
-0.128915,0.0849382,0.00721449781924,0.00185506
-0.0200288,0.00744517,5.54305563289e-05,0.391981
-0.0196785,0.00744487,5.54260893169e-05,0.392228
0.0385565,0.0941527,0.00886473091729,0.00149576
0.17263,0.0740925,0.00548969855625,0.00242131
0.023477,0.0143238,0.00020517124644,0.068369
0.0593118,0.136803,0.018715060809,0.000682213
-0.0200171,0.00744996,5.55019040016e-05,0.391679
-0.0214738,0.0441625,0.00195032640625,0.00682928
0.107943,0.104388,0.010896854544,0.00118857
0.0480753,0.0946713,0.00896265504369,0.00146496
-0.112237,0.107288,0.011510714944,0.00111317
0.0573156,0.0272489,0.00074250255121,0.0179766
0.224605,0.141878,0.020129366884,0.000632404
0.0348124,0.0129992,0.00016897920064,0.0854419
0.0255343,0.0957375,0.00916566890625,0.00143421
-0.0295577,0.00776995,6.03721230025e-05,0.321229
-0.0201555,0.00744569,5.54382995761e-05,0.391347
0.0229423,0.0319283,0.00101941634089,0.0131485
0.0234415,0.018398,0.000338486404,0.0407467
-0.0595072,0.0668976,0.00447528888576,0.00288866
-0.0287155,0.099204,0.009841433616,0.00134301
-0.0201555,0.00744569,5.54382995761e-05,0.391347
-0.0201555,0.00744569,5.54382995761e-05,0.391347
-0.0296816,0.00777039,6.03789607521e-05,0.321208
-0.0201505,0.00744558,5.54366615364e-05,0.391351
0.0239721,0.0143225,0.00020513400625,0.0683802
0.0106828,0.0203131,0.00041262203161,0.0329315
-0.0629865,0.0788672,0.00622003523584,0.00211629
-0.0201505,0.00744558,5.54366615364e-05,0.391351
0.0715982,0.0921551,0.00849256245601,0.00155811
0.00940448,0.0444302,0.00197404267204,0.0067897
0.0240608,0.0143133,0.00020487055689,0.0684923
-0.0202365,0.00744593,5.54418735649e-05,0.3914
-0.0201505,0.00744558,5.54366615364e-05,0.391351
-0.166161,0.0804044,0.00646486753936,0.00202774
-0.0201505,0.00744558,5.54366615364e-05,0.391351
0.334808,0.126923,0.016109447929,0.000820764
-0.0201505,0.00744558,5.54366615364e-05,0.391351
-0.0229585,0.0127273,0.00016198416529,0.909094
0.0602031,0.0931379,0.00867466841641,0.00151109
0.0882784,0.0461461,0.00212946254521,0.00617972
0.0602031,0.0931379,0.00867466841641,0.00151109
0.00222876,0.00775189,6.00917985721e-05,0.674412
-0.0202528,0.00744651,5.54505111801e-05,0.391128
-0.0202528,0.00744651,5.54505111801e-05,0.391128
0.0861248,0.101045,0.010210092025,0.00123373
0.0239208,0.0143095,0.00020476179025,0.0685386
0.0602543,0.0931368,0.00867446351424,0.00151113
-0.0944089,0.106522,0.011346936484,0.00117892
0.176055,0.200642,0.040257212164,0.000324204
-0.0300124,0.00777383,6.04324328689e-05,0.320913
0.0618946,0.0408921,0.00167216384241,0.00779496
-0.0298884,0.00777339,6.04255920921e-05,0.320934
-0.0300124,0.00777383,6.04324328689e-05,0.320913
0.0240005,0.0143281,0.00020529444961,0.0683655
-0.0204387,0.00744957,5.54960931849e-05,0.391015
-0.0203227,0.00745003,5.55029470009e-05,0.390972
0.0238574,0.0354812,0.00125891555344,0.0107023
0.0558286,0.093642,0.008768824164,0.00149571
-0.0658877,0.0656464,0.00430944983296,0.0030168
0.0558286,0.093642,0.008768824164,0.00149571
0.0235055,0.0183612,0.00033713366544,0.040976
0.021756,0.00803994,6.46406352036e-05,0.283886
0.0586549,0.0509591,0.00259682987281,0.00512231
-0.0686469,0.0644271,0.00415085121441,0.00315623
0.13072,0.107291,0.011511358681,0.00119354
0.0291846,0.0188908,0.00035686232464,0.0384413
-0.0116523,0.0318572,0.00101488119184,0.0132125
0.025263,0.0141798,0.00020106672804,0.0699944
0.000613515,0.00773479,5.98269763441e-05,0.672102
0.000613515,0.00773479,5.98269763441e-05,0.672102
-0.0249158,0.0941942,0.00887254731364,0.00149728
0.025139,0.014296,0.000204375616,0.0685253
0.048056,0.0946695,0.00896231423025,0.00146487
0.187405,0.0911764,0.00831313591696,0.0015973
0.0280877,0.0187351,0.00035100397201,0.0389502
0.0411472,0.0659583,0.00435049733889,0.0030548
-0.029866,0.00777341,6.04259030281e-05,0.320934
0.0242719,0.0143158,0.00020494212964,0.0684657
0.0737284,0.0893887,0.00799033968769,0.0016834
0.00571372,0.0674249,0.00454611714001,0.00290491
-0.0298426,0.00777334,6.04248147556e-05,0.320913
0.0249779,0.0141821,0.00020113196041,0.0699658
-0.0302195,0.00777672,6.04773739584e-05,0.320604
-0.0931416,0.0785333,0.00616747920889,0.00216557
-0.0206761,0.00745349,5.55545131801e-05,0.390688
0.000569923,0.00773444,5.98215621136e-05,0.671934
-0.0206869,0.10101,0.0102030201,0.00128292
-0.0162488,0.0271943,0.00073952995249,0.0180144
0.0263359,0.014168,0.000200732224,0.0701335
0.0242881,0.0143284,0.00020530304656,0.0683451
0.0394247,0.0297442,0.00088471743364,0.0153415
0.0241048,0.0143217,0.00020511109089,0.0684264
0.0470233,0.0661321,0.00437345465041,0.0030548
0.0241048,0.0143217,0.00020511109089,0.0684264
-0.0303558,0.00775836,6.01921498896e-05,0.32391
0.0219438,0.015775,0.000248850625,0.0558116
0.0255008,0.0141796,0.00020106105616,0.0699815
-0.030988,0.00784468,6.15390043024e-05,0.316939
-0.00332459,0.031552,0.000995528704,0.0131636
-0.00420865,0.0350128,0.00122589616384,0.0108419
0.0194796,0.0131441,0.00017276736481,0.0821179
-0.0308182,0.00775139,6.00840469321e-05,0.324304
-0.0221121,0.00740442,5.48254355364e-05,0.407095
0.0608209,0.0512814,0.00262978198596,0.00507433
-0.00573748,0.0309467,0.00095769824089,0.0136465
0.0240557,0.0143311,0.00020538042721,0.0683206
-0.0222564,0.00925961,8.57403773521e-05,0.809777
-0.0136594,0.0365633,0.00133687490689,0.00990283
0.0174714,0.0912149,0.00832015798201,0.0015456
0.00400246,0.00799383,6.39013180689e-05,0.29805
-0.0218552,0.00739515,5.46882435225e-05,0.406488
-0.0218552,0.00739515,5.46882435225e-05,0.406488
0.0194796,0.0131441,0.00017276736481,0.0821179
-0.0513745,0.0885242,0.00783653398564,0.00165251
-0.0309193,0.00775203,6.00939691209e-05,0.324293
-0.00573748,0.0309467,0.00095769824089,0.0136465
0.0305414,0.0109389,0.00011965953321,0.126141
0.0162372,0.0466034,0.00217187689156,0.00607018
0.0226971,0.00807779,6.52506912841e-05,0.2798
-0.0636513,0.0391505,0.00153276165025,0.00881415
0.0165454,0.0445977,0.00198895484529,0.00674258
0.0226954,0.0151145,0.00022844811025,0.0608815
-0.0218822,0.0073968,5.471265024e-05,0.406456
-0.00617073,0.0309653,0.00095884980409,0.0136331
-0.197077,0.0827398,0.00684587450404,0.00197793
-0.0309325,0.00775548,6.01474700304e-05,0.324211
-0.0453183,0.0810337,0.00656646053569,0.00199228
-0.0208518,0.0524774,0.00275387751076,0.00492664
0.0802257,0.110592,0.012230590464,0.00104929
-0.0217695,0.00739586,5.46987451396e-05,0.406492
-0.00239341,0.0305551,0.00093361413601,0.0145604
-0.0967154,0.0704674,0.00496565446276,0.0026127
0.00291277,0.00783438,6.13775099844e-05,0.686401
0.0195699,0.0131445,0.00017277788025,0.0821305
-0.00860568,0.0683878,0.00467689118884,0.00282835
0.0214332,0.0183385,0.00033630058225,0.0410623
-0.0321964,0.0560645,0.00314322816025,0.00426873
0.133022,0.0813919,0.00662464138561,0.00198462
-0.019382,0.00959597,9.20826402409e-05,0.824493
-0.00690895,0.0309447,0.00095757445809,0.0136604
-0.0217684,0.00739447,5.46781865809e-05,0.406743
0.0427444,0.113133,0.012799075689,0.00100386
-0.0311624,0.00775171,6.00890079241e-05,0.32427
-0.0211862,0.101677,0.010338212329,0.00118794
-0.0434944,0.0131716,0.00017349104656,0.0840857
0.0539919,0.0269357,0.00072553193449,0.0188458
-0.064061,0.0428109,0.00183277315881,0.00712696
-0.0217808,0.0073943,5.467567249e-05,0.406773
0.0784263,0.101677,0.010338212329,0.00120285
0.0240557,0.0143311,0.00020538042721,0.0683206
-0.0218072,0.00739613,5.47027389769e-05,0.406661
-0.00651021,0.0309299,0.00095665871401,0.0136631
-0.0187738,0.176007,0.030978464049,0.00041713
0.00963473,0.114924,0.013207525776,0.00098738
0.00192681,0.0306724,0.00094079612176,0.0144695
0.0220745,0.0151101,0.00022831512201,0.0609485
-0.0219797,0.00739372,5.46670954384e-05,0.406628
-0.0219921,0.00739355,5.46645816025e-05,0.406659
-0.031042,0.00775004,6.00631200016e-05,0.324447
0.0200665,0.0356473,0.00127072999729,0.0106119
-0.0469746,0.0695861,0.00484222531321,0.00273604
-0.00569135,0.0309476,0.00095775394576,0.0136481
-0.0219797,0.00739372,5.46670954384e-05,0.406628
-0.031042,0.00775004,6.00631200016e-05,0.324447
-0.031042,0.00775004,6.00631200016e-05,0.324447
0.024078,0.0143219,0.00020511681961,0.0684285
0.0230909,0.00807962,6.52802593444e-05,0.279585
-0.0620522,0.108818,0.011841357124,0.00108598
-0.031042,0.00775004,6.00631200016e-05,0.324447
0.0245437,0.0143399,0.00020563273201,0.0682386
-0.0363961,0.0460047,0.00211643242209,0.00621894
0.0447033,0.0722382,0.00521835753924,0.00257868
0.0194411,0.0131452,0.00017279628304,0.0821075
0.0354144,0.045818,0.002099289124,0.00636943
0.0100123,0.0284223,0.00080782713729,0.0166018
-0.031042,0.00775004,6.00631200016e-05,0.324447
-0.0222252,0.00739384,5.46688699456e-05,0.406551
-0.0222252,0.00739384,5.46688699456e-05,0.406551
-0.0221602,0.00739324,5.46599976976e-05,0.406593
-0.0222552,0.00739475,5.46823275625e-05,0.40663
0.00942086,0.0100365,0.00010073133225,0.15342
-0.0545386,0.0472281,0.00223049342961,0.00588272
0.0255703,0.0980004,0.00960407840016,0.00148538
0.0274857,0.0243549,0.00059316115401,0.0226191
0.0244748,0.014324,0.000205176976,0.0684061
-0.00265828,0.0269296,0.00072520335616,0.0184142
-0.0222636,0.00739509,5.46873561081e-05,0.406529
-0.0312306,0.00775111,6.00797062321e-05,0.324444
0.019804,0.0131503,0.00017293039009,0.0820302
-0.0391965,0.0278882,0.00077775169924,0.0173382
0.0155798,0.0466897,0.00217992808609,0.00600413
0.0197617,0.0131504,0.00017293302016,0.0820276
0.0197617,0.0131504,0.00017293302016,0.0820276
-0.0651573,0.0694007,0.00481645716049,0.00265851
0.0197785,0.0131508,0.00017294354064,0.0820453
0.0597856,0.0776416,0.00602821805056,0.0021629
-0.0317574,0.00775436,6.01300990096e-05,0.324383
0.019885,0.0131492,0.00017290146064,0.0820431
0.0244526,0.0143332,0.00020544062224,0.0682982
-0.0713834,0.0654168,0.00427935772224,0.00306283
0.00298318,0.00783363,6.13657589769e-05,0.686393
-0.0312094,0.00775133,6.00831167689e-05,0.324454
-0.0895309,0.0998099,0.00996201613801,0.00140484
0.019804,0.0131503,0.00017293039009,0.0820302
0.0358837,0.041986,0.001762824196,0.0075474
-0.042475,0.0717841,0.00515295701281,0.00271798
0.122834,0.122173,0.014926241929,0.000880119
-0.0220928,0.0073958,5.469785764e-05,0.406625
0.036862,0.0111344,0.00012397486336,0.120979
-0.031304,0.00775099,6.00778459801e-05,0.324464
-0.0677086,0.0872536,0.00761319071296,0.00170781
0.0197838,0.0131498,0.00017291724004,0.0820557
0.0101391,0.0926132,0.00857720481424,0.00159467
0.0905609,0.0857121,0.00734656408641,0.00179722
-0.0220805,0.00739597,5.47003722409e-05,0.406594
-0.0313649,0.00775218,6.00962947524e-05,0.324473
0.0244526,0.0143332,0.00020544062224,0.0682982
0.00298318,0.00783363,6.13657589769e-05,0.686393
0.0199856,0.0131507,0.00017294091049,0.0820352
0.000654474,0.0409142,0.00167397176164,0.00788127
0.0249837,0.0140493,0.00019738283049,0.0719649
0.024567,0.0143346,0.00020548075716,0.0682828
-0.0311571,0.00775264,6.01034269696e-05,0.324728
0.013122,0.0830858,0.00690325016164,0.00190644
0.0255415,0.0216769,0.00046988799361,0.0289887
0.024567,0.0143346,0.00020548075716,0.0682828
0.0720056,0.0849184,0.00721113465856,0.00196637
-0.0502162,0.0664906,0.00442099988836,0.00294036
0.0369692,0.0111327,0.00012393700929,0.121068
0.0347351,0.0130553,0.00017044085809,0.0846194
0.0168363,0.00732785,5.36973856225e-05,0.560426
-0.0313499,0.00775091,6.00766058281e-05,0.324506
-0.163926,0.0921154,0.00848524691716,0.00153298
0.0167269,0.00732744,5.36913769536e-05,0.560365
-0.031476,0.00775006,6.00634300036e-05,0.324513
0.0168402,0.00732367,5.36361422689e-05,0.560264
0.0153408,0.00853742,7.28875402564e-05,0.235651
0.0168287,0.00732403,5.36414154409e-05,0.560233
0.0151863,0.0085384,7.290427456e-05,0.235679
0.0369013,0.0860456,0.00740384527936,0.00182206
-0.0129923,0.0328492,0.00107906994064,0.0120668
-0.0315983,0.00775048,6.00699402304e-05,0.324492
0.0153177,0.00853746,7.28882232516e-05,0.235635
0.0152442,0.00853759,7.28904430081e-05,0.235603
-0.0259374,0.0162869,0.00026526311161,0.0526471
-0.174855,0.101658,0.010334348964,0.00124096
0.00352095,0.00783091,6.13231514281e-05,0.685963
-0.0315065,0.00775025,6.00663750625e-05,0.324554
0.0153372,0.00853833,7.29030791889e-05,0.235589
0.0860116,0.113997,0.012995316009,0.00101871
0.0632824,0.0872607,0.00761442976449,0.00184422
0.0153372,0.00853833,7.29030791889e-05,0.235589
-0.0642354,0.0593635,0.00352402513225,0.00375917
0.0288141,0.0200617,0.00040247180689,0.0338855
0.0416404,0.0276545,0.00076477137025,0.0175837
0.0416502,0.0288191,0.00083054052481,0.0161794
0.0165364,0.00872184,7.60704929856e-05,0.221996
0.153086,0.14188,0.0201299344,0.000679348
0.0152581,0.00853832,7.29029084224e-05,0.235597
0.0167668,0.00732373,5.36370211129e-05,0.560266
0.113454,0.091655,0.008400639025,0.00154823
-0.0316195,0.00775026,6.00665300676e-05,0.324482
0.0716509,0.0637747,0.00406721236009,0.00321236
-0.0316195,0.00775026,6.00665300676e-05,0.324482
-0.0265268,0.0317296,0.00100676751616,0.0131972
0.0167668,0.00732373,5.36370211129e-05,0.560266
0.044376,0.0429607,0.00184562174449,0.00724592
0.0619202,0.0868493,0.00754280091049,0.00185943
-0.0315065,0.00775025,6.00663750625e-05,0.324554
-0.0479569,0.0339989,0.00115592520121,0.0115224
-0.0340096,0.0186498,0.00034781504004,0.0401188
-0.0125246,0.0770649,0.00593899881201,0.00224181
0.0164655,0.00872061,7.60490387721e-05,0.221948
0.0164655,0.00872061,7.60490387721e-05,0.221948
0.0167668,0.00732373,5.36370211129e-05,0.560266
0.0168463,0.00732391,5.36396576881e-05,0.560202
0.0104017,0.0372965,0.00139102891225,0.00971251
-0.0316262,0.00775001,6.00626550001e-05,0.324512
-0.0332891,0.0516213,0.00266475861369,0.0051085
-0.00856692,0.0302566,0.00091546184356,0.0146256
-0.0315065,0.00775025,6.00663750625e-05,0.324554
0.0167553,0.00732409,5.36422943281e-05,0.560235
-0.0316428,0.00775034,6.00677701156e-05,0.324497
-0.0315065,0.00775025,6.00663750625e-05,0.324554
0.0335797,0.0834406,0.00696233372836,0.00192717
-0.0316195,0.00775026,6.00665300676e-05,0.324482
0.016664,0.00732782,5.36969459524e-05,0.55985
-0.0141694,0.0325173,0.00105737479929,0.0126522
-0.0237024,0.101038,0.010208677444,0.00133028
-0.00838149,0.0310161,0.00096199845921,0.0135869
0.00318082,0.00782975,6.13049850625e-05,0.686242
0.0163985,0.00872304,7.60914268416e-05,0.221823
0.066762,0.106569,0.011356951761,0.00114173
0.000532439,0.0506006,0.00256042072036,0.00520378
-0.0315065,0.00775025,6.00663750625e-05,0.324554
-0.0288082,0.0318548,0.00101472828304,0.0130676
0.015288,0.00853852,7.29063237904e-05,0.235596
-0.0568848,0.0362636,0.00131504868496,0.010417
-0.049202,0.100428,0.010085783184,0.00132589
-0.252959,0.0880935,0.00776046474225,0.00174933
0.0336537,0.0129972,0.00016892720784,0.0857909
-0.0188035,0.0889536,0.00791274295296,0.00168835
0.0248959,0.0143355,0.00020550656025,0.0682806
0.0152903,0.00853743,7.28877110049e-05,0.235651
0.015296,0.00853767,7.28918090289e-05,0.235627
0.0199656,0.0785464,0.00616953695296,0.00210474
0.0248363,0.0143315,0.00020539189225,0.0683269
-0.0918124,0.0952059,0.00906416339481,0.00143638
-0.00846139,0.0310161,0.00096199845921,0.0135869
0.0168596,0.00732549,5.36628037401e-05,0.560354
0.016767,0.00732403,5.36414154409e-05,0.560281
0.016767,0.00732403,5.36414154409e-05,0.560281
0.0248363,0.0143315,0.00020539189225,0.0683269
0.0232079,0.118897,0.014136496609,0.000942493
0.00333697,0.056149,0.003152710201,0.00408757
0.0399072,0.123278,0.015197465284,0.000864064
0.00942364,0.0100286,0.00010057281796,0.153525
0.0168731,0.00732531,5.36601665961e-05,0.56037
-0.00768799,0.031033,0.000963047089,0.0135702
0.00942364,0.0100286,0.00010057281796,0.153525
-0.00820951,0.0307576,0.00094602995776,0.0138498
0.036983,0.0111253,0.00012377230009,0.121167
0.00942364,0.0100286,0.00010057281796,0.153525
0.0164448,0.00871962,7.60317729444e-05,0.221994
-0.00343133,0.0305156,0.00093120184336,0.0141289
-0.0315065,0.00775025,6.00663750625e-05,0.324554
0.0168761,0.00732285,5.36241321225e-05,0.560274
-0.00626254,0.0300147,0.00090088221609,0.0148469
0.00340993,0.00783717,6.14212336089e-05,0.685628
0.0152153,0.00853702,7.28807104804e-05,0.235613
0.0197857,0.0213505,0.00045584385025,0.0299025
-0.0101924,0.126953,0.016117064209,0.000819596
0.0659738,0.028326,0.000802362276,0.0166641
-0.0315065,0.00775025,6.00663750625e-05,0.324554
0.00840729,0.0577649,0.00333678367201,0.00402057
0.00324022,0.0713112,0.00508528724544,0.00255047
0.0168646,0.00732321,5.36294047041e-05,0.560243
0.118898,0.0804105,0.00646584851025,0.00196692
0.0248691,0.0143357,0.00020551229449,0.0682828
0.00339646,0.00783741,6.14249955081e-05,0.685581
-0.0274078,0.0163062,0.00026589215844,0.052643
0.0152286,0.00853785,7.28948826225e-05,0.235568
0.0168529,0.00732327,5.36302834929e-05,0.560197
0.0152069,0.00853806,7.28984685636e-05,0.23556
-0.0315016,0.00774978,6.00590900484e-05,0.324534
0.016845,0.00732243,5.36179811049e-05,0.560162
-0.0312643,0.0803658,0.00645866180964,0.00201014
0.033066,0.0109326,0.00011952174276,0.126391
0.00942364,0.0100286,0.00010057281796,0.153525
0.0152011,0.00853782,7.28943703524e-05,0.235583
-0.0111934,0.0354714,0.00125822021796,0.0105206
0.0355508,0.0191418,0.00036640850724,0.0381682
0.0914468,0.106568,0.011356738624,0.00114261
-0.0381069,0.0279974,0.00078385440676,0.0175169
0.0915854,0.0845024,0.00714065560576,0.00182968
0.0152479,0.00853829,7.29023961241e-05,0.235567
0.0195931,0.0183749,0.00033763695001,0.040929
-0.0079245,0.0309974,0.00096083880676,0.0135998
0.0107334,0.0182145,0.00033176801025,0.0417964
-0.00710378,0.0310152,0.00096194263104,0.0135848
0.0248094,0.0143316,0.00020539475856,0.068329
-0.0631418,0.0841765,0.00708568315225,0.0018704
0.078371,0.0837876,0.00702036191376,0.00191849
0.00939563,0.0100287,0.00010057482369,0.153529
-0.025776,0.0288998,0.00083519844004,0.0163465
0.0152286,0.00853785,7.28948826225e-05,0.235568
0.0168682,0.00732201,5.36118304401e-05,0.560239
0.00626126,0.0936558,0.00877140887364,0.00156115
-0.04474,0.0320658,0.00102821552964,0.013204
0.0862958,0.0558432,0.00311846298624,0.0042153
0.0168567,0.00732237,5.36171024169e-05,0.560208
0.163953,0.0898325,0.00806987805625,0.00163666
-0.0429414,0.0299395,0.00089637366025,0.0151198
0.0168567,0.00732237,5.36171024169e-05,0.560208
-0.0312643,0.0803658,0.00645866180964,0.00201014
0.0597431,0.0519436,0.00269813758096,0.00500418
-0.00773358,0.0310334,0.00096307191556,0.0135698
0.0152092,0.00853697,7.28798567809e-05,0.235614
0.0157734,0.00873436,7.62890446096e-05,0.221256
-0.00855454,0.0310156,0.00096196744336,0.0135848
0.0168567,0.00732237,5.36171024169e-05,0.560208
-0.0315016,0.00774978,6.00590900484e-05,0.324534
-0.00464408,0.0507379,0.00257433449641,0.00520507
0.0248363,0.0143315,0.00020539189225,0.0683269
0.0168081,0.00732239,5.36173953121e-05,0.560208
-0.0315016,0.00774978,6.00590900484e-05,0.324534
-0.0651918,0.0191572,0.00036699831184,0.0372483
-0.0386352,0.103038,0.010616829444,0.00126426
-0.0770641,0.0917095,0.00841063239025,0.00156798
-0.0313727,0.00775057,6.00713353249e-05,0.324599
0.155782,0.112251,0.012600287001,0.00101827
0.0153969,0.00853734,7.28861742756e-05,0.235613
-0.0314442,0.00774993,6.00614150049e-05,0.324585
-0.164141,0.132397,0.017528965609,0.000774473
0.00925891,0.0100293,0.00010058685849,0.153533
0.0246715,0.0126732,0.00016060999824,0.0884647
0.0381692,0.0286872,0.00082295544384,0.0165187
-0.0314442,0.00774993,6.00614150049e-05,0.324585
0.016894,0.007323,5.3626329e-05,0.560343
0.0167729,0.00732443,5.36472748249e-05,0.560343
0.0166433,0.00871985,7.60357840225e-05,0.221986
-0.0314297,0.00775057,6.00713353249e-05,0.324559
-0.00847389,0.0310155,0.00096196124025,0.0135848
0.0154496,0.00853716,7.28831008656e-05,0.235613
0.0154421,0.00853737,7.28866865169e-05,0.235628
0.0166806,0.00732246,5.36184204516e-05,0.560266
0.066012,0.102336,0.010472656896,0.00124931
-0.00787906,0.0309971,0.00096082020841,0.0136002
0.0166921,0.0073221,5.361314841e-05,0.560297
-0.268046,0.16375,0.0268140625,0.000509668
0.0248221,0.0126805,0.00016079508025,0.0883587
-0.00787906,0.0309971,0.00096082020841,0.0136002
-0.0539473,0.0277249,0.00076867008001,0.0174855
0.0166921,0.0073221,5.361314841e-05,0.560297
-0.146001,0.0864567,0.00747476097489,0.00178355
-0.00527268,0.0323984,0.00104965632256,0.0127085
0.0397385,0.0991779,0.00983625584841,0.00132646
-0.0311827,0.00776677,6.03227162329e-05,0.323367
-0.0315508,0.00775735,6.01764790225e-05,0.324082
-0.0245239,0.0103926,0.00010800613476,0.148694
0.0153174,0.00853751,7.28890770001e-05,0.235604
-0.0603262,0.0409497,0.00167687793009,0.00778186
0.01673,0.00732267,5.36214959289e-05,0.560208
0.0149289,0.0672319,0.00452012837761,0.00294708
-0.0711841,0.0489766,0.00239870734756,0.00552776
0.01673,0.00732267,5.36214959289e-05,0.560208
0.0153859,0.00853821,7.29010300041e-05,0.235551
0.0153642,0.00853842,7.29046160964e-05,0.235543
-0.075374,0.0794757,0.00631638689049,0.00210149
-0.0342897,0.0144143,0.00020777204449,0.0672505
-0.0313908,0.00774981,6.00595550361e-05,0.32457
0.0254464,0.0143345,0.00020547789025,0.0682982
0.00327505,0.00782995,6.13081170025e-05,0.68627
0.0152848,0.00853705,7.28812227025e-05,0.235552
-0.0180437,0.0122578,0.00015025366084,0.902747
-0.00857631,0.0310158,0.00096197984964,0.0135852
0.115737,0.108088,0.011683015744,0.00117367
-0.039142,0.0765279,0.00585651947841,0.00223883
0.0499733,0.0921795,0.00849706022025,0.00158985
-0.00768799,0.031033,0.000963047089,0.0135702
0.0153316,0.00853577,7.28593694929e-05,0.235622
-0.0314,0.00774967,6.00573851089e-05,0.324575
0.0265748,0.0143356,0.00020550942736,0.068287
0.00886323,0.0100276,0.00010055276176,0.153551
-0.0314,0.00774967,6.00573851089e-05,0.324575
0.008965,0.0100291,0.00010058284681,0.153526
0.0265748,0.0143356,0.00020550942736,0.068287
0.0165194,0.00871836,7.60098010896e-05,0.221996
0.0548968,0.0364434,0.00132812140356,0.00987773
-0.0888229,0.0727053,0.00528606064809,0.00245917
0.0164133,0.00871737,7.59925397169e-05,0.222005
0.0167905,0.00732332,5.36310158224e-05,0.56022
-0.0311573,0.00766298,5.87212624804e-05,0.33814
0.0167791,0.00732368,5.36362887424e-05,0.560189
0.0167791,0.00732368,5.36362887424e-05,0.560189
0.00290875,0.00782944,6.13001307136e-05,0.686303
-0.00893572,0.0310884,0.00096648861456,0.0135256
-0.0412323,0.0741708,0.00550130757264,0.00236488
0.0160386,0.00734903,5.40082419409e-05,0.560278
0.0180721,0.00876674,7.68557302276e-05,0.220967
0.0863015,0.0602598,0.00363124349604,0.00360012
-0.0313116,0.00775179,6.00902482041e-05,0.324471
-0.0113796,0.0312463,0.00097633126369,0.0133784
0.00178958,0.00786641,6.18804062881e-05,0.687329
-0.0670442,0.0627146,0.00393312105316,0.00335716
-0.0139046,0.0238601,0.00056930437201,0.0237581
0.0192824,0.0325924,0.00106226453776,0.0126896
-0.0628069,0.0331648,0.00109990395904,0.0122213
-0.0312879,0.00775074,6.00739705476e-05,0.324468
0.0145714,0.00736753,5.42804983009e-05,0.564301
0.0180274,0.0214224,0.00045891922176,0.0296988
-0.0311893,0.00775121,6.00812564641e-05,0.324489
-0.109184,0.0853,0.00727609,0.00185391
-0.0312879,0.00775074,6.00739705476e-05,0.675532
0.0107031,0.0279478,0.00078107952484,0.0168819
0.0180963,0.00876517,7.68282051289e-05,0.220993
-0.0313058,0.00775111,6.00797062321e-05,0.675527
-0.00469417,0.0765363,0.00585780521769,0.0022884
-0.072474,0.0598955,0.00358747092025,0.00368649
0.0279992,0.0363628,0.00132225322384,0.0102152
-0.072883,0.0272864,0.00074454762496,0.0180079
0.0171412,0.0215036,0.00046240481296,0.029471
-0.0952069,0.0668339,0.00446677018921,0.00298503
0.0111443,0.0279335,0.00078028042225,0.0168947
0.0120901,0.0244064,0.00059567236096,0.0223811
-0.0232973,0.0145991,0.00021313372081,0.0662175
0.140963,0.140141,0.019639499881,0.000649632
-0.0313058,0.00775111,6.00797062321e-05,0.675527
0.000183812,0.00790051,6.24180582601e-05,0.308731
-0.0425882,0.0576651,0.00332526375801,0.00412419
-0.148788,0.0826659,0.00683365102281,0.00196979
0.0110877,0.0279343,0.00078032511649,0.0168984
-0.0548859,0.0276024,0.00076189248576,0.0176467
-0.0295944,0.00765435,5.85890739225e-05,0.658331
0.0180551,0.0087656,7.683574336e-05,0.220991
-0.0188071,0.0140388,0.00019708790544,0.0739068
0.0180551,0.0087656,7.683574336e-05,0.220991
-0.0927968,0.0507117,0.00257167651689,0.00513398
0.0145554,0.00736785,5.42852136225e-05,0.435687
0.00518521,0.0292741,0.00085697293081,0.0153277
0.0111482,0.0279347,0.00078034746409,0.0168999
-0.0295256,0.00765466,5.85938197156e-05,0.658294
-0.0303345,0.00778317,6.05777352489e-05,0.6775
-0.100074,0.114891,0.013199941881,0.00105377
0.0188305,0.00878368,7.71530343424e-05,0.220719
0.0187982,0.00878545,7.71841317025e-05,0.220678
0.0146246,0.00737929,5.44539209041e-05,0.435381
-0.031893,0.0077711,6.038999521e-05,0.676093
8.47075e-05,0.0502298,0.00252303280804,0.00520866
-0.0318325,0.0077901,6.068565801e-05,0.676352
-0.0269564,0.015987,0.000255584169,0.0542074
0.0135032,0.0310643,0.00096499073449,0.0136624
-0.0168008,0.0124212,0.00015428620944,0.0951774
0.0191805,0.00881198,7.76509915204e-05,0.220456
0.0147152,0.00740875,5.48895765625e-05,0.434673
-0.0813816,0.0525496,0.00276146046016,0.00477961
-0.0290476,0.00765939,5.86662551721e-05,0.643871
-0.0247845,0.00758602,5.75476994404e-05,0.629218
-0.0248955,0.00759336,5.76591160896e-05,0.629134
-0.0343382,0.0184523,0.00034048737529,0.0409223
0.00671879,0.0108809,0.00011839398481,0.12741
0.0213238,0.0256871,0.00065982710641,0.0199475
0.0209426,0.0252394,0.00063702731236,0.0206428
0.0209426,0.0252394,0.00063702731236,0.0206428
0.261189,0.135282,0.018301219524,0.000695733
0.0213059,0.02524,0.0006370576,0.0206428
0.0788325,0.0672465,0.00452209176225,0.00290554
0.0218736,0.0252211,0.00063610388521,0.0206724
0.0215084,0.0252304,0.00063657308416,0.0206569
0.021842,0.0252209,0.00063609379681,0.0206718
0.00560519,0.0931233,0.00867194900289,0.00148506
0.0257659,0.0146712,0.00021524410944,0.065377
0.0154517,0.0145457,0.00021157738849,0.0655258
0.0182501,0.0512793,0.00262956660849,0.00499877
0.025089,0.0146668,0.00021511502224,0.0653499
0.267317,0.124456,0.015489295936,0.000864544
0.0105849,0.0110712,0.00012257146944,0.122163
0.0137683,0.0103399,0.00010691353201,0.143145
0.0393466,0.0113079,0.00012786860241,0.118199
0.0148043,0.0145607,0.00021201398449,0.0654585
0.0212449,0.0433846,0.00188222351716,0.00719447
0.0226141,0.0251202,0.00063102444804,0.0208411
0.0226141,0.0251202,0.00063102444804,0.0208411
0.0226141,0.0251202,0.00063102444804,0.0208411
0.022527,0.0251481,0.00063242693361,0.0207967
0.022527,0.0251481,0.00063242693361,0.0207967
0.0225996,0.0251199,0.00063100937601,0.0208404
0.0211603,0.0112151,0.00012577846801,0.120934
0.0225222,0.0251208,0.00063105459264,0.0208398
0.0225222,0.0251208,0.00063105459264,0.0208398
0.0225399,0.0251205,0.00063103952025,0.0208391
0.0226552,0.0251012,0.00063007024144,0.0208642
0.0100747,0.0109679,0.00012029483041,0.124013
0.0322111,0.113153,0.012803601409,0.00103738
0.0092883,0.010965,0.000120231225,0.124178
-0.0599884,0.0695858,0.00484218356164,0.00280847
0.0586568,0.0400372,0.00160297738384,0.00822988
0.207859,0.156226,0.024406563076,0.000540958
0.0149081,0.0529152,0.00280001839104,0.00479055
0.0125466,0.0102286,0.00010462425796,0.145467
0.0252341,0.0248852,0.00061927317904,0.0211887
0.00919972,0.0109611,0.00012014571321,0.124183
-0.0292296,0.0827473,0.00684711565729,0.00195065
0.0252341,0.0248852,0.00061927317904,0.0211887
0.0690885,0.0315764,0.00099706903696,0.0136096
0.0125466,0.0102286,0.00010462425796,0.145467
0.00922417,0.010963,0.000120187369,0.124144
0.0124608,0.010229,0.000104632441,0.145465
-0.0992056,0.0442939,0.00196194957721,0.00673567
0.00924988,0.0109605,0.00012013256025,0.124194
0.0123685,0.0102278,0.00010460789284,0.145494
0.0124347,0.0102298,0.00010464880804,0.145459
0.0251646,0.0249119,0.00062060276161,0.0211437
0.0252451,0.0248848,0.00061925327104,0.021188
0.00924988,0.0109605,0.00012013256025,0.124194
-0.0193387,0.014791,0.000218773681,0.0653548
0.115781,0.114026,0.013001928676,0.0010386
0.0125791,0.0102295,0.00010464267025,0.145445
0.0373415,0.016267,0.000264615289,0.0522604
0.0117646,0.0102441,0.00010494158481,0.145113
0.0252451,0.0248848,0.00061925327104,0.021188
0.0250586,0.0248678,0.00061840747684,0.0212195
0.0257679,0.00773297,5.97988250209e-05,0.335065
0.00920543,0.010961,0.000120143521,0.124194
-0.0913806,0.0936606,0.00877230799236,0.00149964
0.00915356,0.0109594,0.00012010844836,0.124217
0.0252451,0.0248848,0.00061925327104,0.021188
0.025175,0.0146491,0.00021459613081,0.0655172
0.00920543,0.010961,0.000120143521,0.124194
0.00920543,0.010961,0.000120143521,0.124194
0.0258792,0.00773363,5.98090329769e-05,0.334899
0.0763744,0.058377,0.003407874129,0.00383951
0.0256015,0.0249204,0.00062102633616,0.0211309
0.00920543,0.010961,0.000120143521,0.124194
0.0126604,0.0102309,0.00010467131481,0.145464
0.0189745,0.0741171,0.00549334451241,0.00244678
0.00923074,0.0109603,0.00012012817609,0.124206
0.024616,0.0249288,0.00062144506944,0.0211194
0.027126,0.0248693,0.00061848208249,0.0212944
0.0216228,0.01121,0.0001256641,0.12099
0.00923074,0.0109603,0.00012012817609,0.124206
0.0242895,0.024938,0.000621903844,0.0211046
0.00923074,0.0109603,0.00012012817609,0.124206
-0.0861293,0.0507039,0.00257088547521,0.00519272
0.0241535,0.0249373,0.00062186893129,0.0211111
0.0125844,0.0102317,0.00010468768489,0.145461
0.00915452,0.0109648,0.00012022683904,0.124109
0.00911479,0.010963,0.000120187369,0.12414
0.0398149,0.0112761,0.00012715043121,0.118585
0.0092919,0.0109579,0.00012007557241,0.124248
0.00925563,0.0109579,0.00012007557241,0.124252
0.0253624,0.033723,0.001137240729,0.0116538
0.00925879,0.010958,0.000120077764,0.12426
0.00925879,0.010958,0.000120077764,0.12426
0.125238,0.149603,0.022381057609,0.000586963
0.00930676,0.0109585,0.00012008872225,0.124252
0.127782,0.0809994,0.00656090280036,0.0020448
0.0092194,0.010959,0.000120099681,0.12424
0.0253339,0.0249465,0.00062232786225,0.0210892
0.0223617,0.00997752,9.95509053504e-05,0.154796
0.0229229,0.00997269,9.94545458361e-05,0.15492
0.0174299,0.0215929,0.00046625333041,0.0292052
0.0184654,0.0142077,0.00020185873929,0.0702691
0.0226066,0.0250088,0.00062544007744,0.0209928
0.0187098,0.0215762,0.00046553240644,0.0292507
0.0227606,0.0099722,9.944477284e-05,0.154937
0.0177048,0.0214653,0.00046075910409,0.0295282
0.0226909,0.00997291,9.94589338681e-05,0.15494
0.0227606,0.0099722,9.944477284e-05,0.154937
-0.0654318,0.0405464,0.00164401055296,0.00795441
-0.0312952,0.0150888,0.00022767188544,0.0620422
0.0227535,0.00997095,9.94198439025e-05,0.154979
0.0227806,0.00997538,9.95082061444e-05,0.154871
0.0227535,0.00997095,9.94198439025e-05,0.154979
0.0229091,0.0250182,0.00062591033124,0.0209709
0.0228582,0.00997083,9.94174508889e-05,0.15499
0.0238372,0.00995819,9.91655480761e-05,0.155607
0.0225454,0.009971,9.9420841e-05,0.154958
0.0221963,0.0250191,0.00062595536481,0.0209729
0.0224668,0.00997246,9.94499584516e-05,0.154915
0.0229491,0.0100238,0.00010047656644,0.153921
0.0228757,0.0100261,0.00010052268121,0.153882
0.0228818,0.0100252,0.00010050463504,0.153907
0.022101,0.0100238,0.00010047656644,0.153933
0.0220398,0.0100275,0.00010055075625,0.153822
-0.0828189,0.0852899,0.00727436704201,0.00183949
0.0218759,0.010032,0.000100641024,0.153728
0.0216436,0.0100321,0.00010064303041,0.153755
0.0216783,0.0100325,0.00010065105625,0.15373
-0.0282215,0.0872506,0.00761266720036,0.0016871
-0.0612846,0.104408,0.010901030464,0.00127211
0.0734017,0.035131,0.001234187161,0.0107216
0.0205613,0.0100338,0.00010067714244,0.15364
0.0223801,0.0139557,0.00019476156249,0.0734918
0.0185789,0.0252175,0.00063592230625,0.0206416
0.0235417,0.00793147,6.29082163609e-05,0.316322
0.0526907,0.0903061,0.00815519169721,0.00166734
0.0275756,0.0089477,8.006133529e-05,0.210936
0.0324133,0.00787664,6.20414576896e-05,0.305115
0.0619003,0.0655946,0.00430265154916,0.00307764
0.0205757,0.0102609,0.00010528606881,0.854692
-0.00270431,0.0358882,0.00128796289924,0.0104387
0.0208633,0.0329116,0.00108317341456,0.0123809
0.0321992,0.00787502,6.20159400004e-05,0.305148
0.0489059,0.0263775,0.00069577250625,0.0193972
0.0312643,0.00809439,6.55191494721e-05,0.278969
-0.0932568,0.0520377,0.00270792222129,0.00484538
0.0328182,0.00789948,6.24017842704e-05,0.30336
0.0328182,0.00789948,6.24017842704e-05,0.30336
0.0327287,0.00788255,6.21345945025e-05,0.30462
0.00791765,0.0196613,0.00038656671769,0.0357364
0.0319204,0.00787264,6.19784605696e-05,0.305197
0.0319338,0.00787249,6.19760988001e-05,0.305203
0.0318061,0.00787244,6.19753115536e-05,0.30535
0.0319293,0.00787204,6.19690137616e-05,0.305236
0.0318033,0.00787272,6.19797201984e-05,0.305065
-0.0377864,0.0331594,0.00109954580836,0.0122619
0.0317769,0.00787246,6.19756264516e-05,0.305205
0.0316562,0.00787081,6.19496500561e-05,0.305191
-0.0622277,0.0702131,0.00492987941161,0.00274785
0.0319849,0.00786753,6.18980283009e-05,0.305029
0.0386645,0.100419,0.010083975561,0.00134346
0.0302737,0.0134305,0.00018037833025,0.0794989
-0.0369533,0.0234843,0.00055151234649,0.0244211
0.0318646,0.00785816,6.17506785856e-05,0.306507
0.0321299,0.00785958,6.17729977764e-05,0.306337
0.0321299,0.00785958,6.17729977764e-05,0.306337
0.0320446,0.00786106,6.17962643236e-05,0.30628
0.0376179,0.00730254,5.33270904516e-05,0.547499
0.0319286,0.0078572,6.173559184e-05,0.306193
0.0376219,0.00729627,5.32355559129e-05,0.5469
0.0193829,0.0102051,0.00010414406601,0.853492
0.0190999,0.0102014,0.00010406856196,0.853551
0.0187217,0.0102048,0.00010413794304,0.853479
0.0371778,0.00730616,5.33799739456e-05,0.546385
0.030885,0.00808784,6.54131558656e-05,0.280387
0.0375808,0.00731533,5.35140530089e-05,0.546995
0.0504173,0.0401178,0.00160943787684,0.00820762
0.0310052,0.00807802,6.52544071204e-05,0.280133
0.0190062,0.0102163,0.00010437278569,0.853729
0.031596,0.00807516,6.52082090256e-05,0.281127
0.0380809,0.00730213,5.33211025369e-05,0.546882
0.018696,0.0102326,0.00010470610276,0.854067
0.00158419,0.0184041,0.00033871089681,0.0410516
0.0377305,0.00730405,5.33491464025e-05,0.547016
0.0298198,0.0392425,0.00153997380625,0.00853749
-0.244681,0.0974085,0.00948841587225,0.00137549
0.0316971,0.00808282,6.53319791524e-05,0.280041
0.0414558,0.00733748,5.38386127504e-05,0.564629
0.0414558,0.00733748,5.38386127504e-05,0.564631
0.0502531,0.0402345,0.00161881499025,0.0081615
0.0415019,0.00733782,5.38436023524e-05,0.564714
0.0277035,0.0108053,0.00011675450809,0.871942
0.0222597,0.0363263,0.00131960007169,0.0104
0.0414584,0.00733745,5.38381725025e-05,0.564631
-0.112937,0.0739233,0.00546465428289,0.00236923
0.0414584,0.00733745,5.38381725025e-05,0.564631
0.111122,0.0756917,0.00572923344889,0.00237128
0.0215146,0.02262,0.0005116644,0.0256838
-0.045298,0.0406589,0.00165314614921,0.008158
-0.126859,0.0720005,0.00518407200025,0.00257804
0.0414281,0.00733865,5.38557838225e-05,0.564673
0.0317061,0.00808298,6.53345656804e-05,0.280028
0.0488869,0.0296424,0.00087867187776,0.0151703
0.0278183,0.00892875,7.97225765625e-05,0.212084
0.0228953,0.0222326,0.00049428850276,0.026658
0.0230832,0.0111458,0.00012422885764,0.120855
-0.174856,0.141908,0.020137880464,0.000618257
-0.100413,0.104369,0.010892888161,0.00121868
0.128859,0.064246,0.004127548516,0.00314863
-0.0973836,0.0803654,0.00645859751716,0.00211675
0.0212479,0.0578744,0.00334944617536,0.00393908
0.0361252,0.0597639,0.00357172374321,0.00374907
0.0278399,0.0108063,0.00011677611969,0.871965
0.026572,0.0127523,0.00016262115529,0.0903697
-0.0515644,0.0820547,0.00673297379209,0.00199142
0.0418065,0.00733726,5.38353843076e-05,0.564729
0.022722,0.0226131,0.00051135229161,0.0256976
-0.0181757,0.0248671,0.00061837266241,0.0219536
-0.0377569,0.0210901,0.00044479231801,0.0304955
0.0418065,0.00733726,5.38353843076e-05,0.564729
-0.0550574,0.0549459,0.00301905192681,0.00442601
0.0236979,0.0226196,0.00051164630416,0.0256822
0.0234851,0.022594,0.000510488836,0.0257625
-0.11989,0.0544983,0.00297006470289,0.00447043
0.0415967,0.00733649,5.38240855201e-05,0.564557
-0.0344421,0.0253804,0.00064416470416,0.0213244
-0.0923532,0.101047,0.010210496209,0.00131254
0.0788093,0.0451597,0.00203939850409,0.00651273
0.0415815,0.00733623,5.38202706129e-05,0.564559
0.0415815,0.00733623,5.38202706129e-05,0.564559
0.0224034,0.02268,0.0005143824,0.0256082
0.0165466,0.099878,0.009975614884,0.00139061
0.0227247,0.0226978,0.00051519012484,0.0255666
0.0415815,0.00733623,5.38202706129e-05,0.564559
0.0417579,0.00733666,5.38265799556e-05,0.564636
0.0415815,0.00733623,5.38202706129e-05,0.564559
-0.00617807,0.0231111,0.00053412294321,0.0259249
0.0415815,0.00733623,5.38202706129e-05,0.564559
0.0200568,0.0362354,0.00131300421316,0.0101329
0.0415815,0.00733623,5.38202706129e-05,0.564559
0.0415815,0.00733623,5.38202706129e-05,0.564559
0.0416718,0.00733654,5.38248191716e-05,0.56459
0.0416718,0.00733654,5.38248191716e-05,0.56459
0.0417713,0.00733662,5.38259930244e-05,0.564611
0.0417715,0.00733674,5.38277538276e-05,0.564596
-0.0755276,0.0554125,0.00307054515625,0.00423362
0.0319235,0.00844824,7.13727590976e-05,0.754254
0.0415261,0.00733867,5.38560773689e-05,0.564693
-0.0179831,0.0838409,0.00702929651281,0.00193558
0.0415208,0.0073373,5.383597129e-05,0.564714
0.0222753,0.0226778,0.00051428261284,0.0256074
0.0184431,0.175985,0.030970720225,0.000447572
0.0315667,0.00878707,7.72125991849e-05,0.780526
0.041548,0.00733753,5.38393465009e-05,0.564657
0.0181988,0.0668491,0.00446880217081,0.00296736
0.0414958,0.00733709,5.38328896681e-05,0.564684
0.0414687,0.00733686,5.38295146596e-05,0.564641
0.0317297,0.00877056,7.69227227136e-05,0.780141
0.0320109,0.00876728,7.68651985984e-05,0.780029
-0.0888929,0.070227,0.004931831529,0.00265974
0.0322693,0.00876316,7.67929731856e-05,0.779778
0.0416147,0.00733648,5.38239387904e-05,0.567697
-0.0779958,0.0433898,0.00188267474404,0.00713109
0.0414912,0.0073365,5.382423225e-05,0.567722
-0.0716031,0.102326,0.010470610276,0.00120698
0.0414671,0.00733762,5.38406672644e-05,0.567763
0.0408421,0.00734616,5.39660667456e-05,0.569067
0.0188101,0.0227487,0.00051750335169,0.025429
0.041419,0.00733117,5.37460535689e-05,0.567169
0.041419,0.00733117,5.37460535689e-05,0.567169
0.0415237,0.00733177,5.37548513329e-05,0.56694
0.0413253,0.00733028,5.37330048784e-05,0.567204
0.0258939,0.00928664,8.62416824896e-05,0.186941
0.033372,0.00876433,7.68134803489e-05,0.779894
0.0415222,0.00733104,5.37441474816e-05,0.566985
0.0262842,0.00928692,8.62468830864e-05,0.186928
0.0262842,0.00928692,8.62468830864e-05,0.186928
0.0413963,0.00732948,5.37212770704e-05,0.566872
0.0413963,0.00732948,5.37212770704e-05,0.566872
-0.00768759,0.0527434,0.00278186624356,0.0047619
0.00881466,0.0628401,0.00394887816801,0.00338331
0.0581235,0.12566,0.0157904356,0.000865052
0.0413538,0.0073304,5.373476416e-05,0.567008
0.0417648,0.00735213,5.40538155369e-05,0.55722
0.0413959,0.00732885,5.37120423225e-05,0.566875
0.0413959,0.00732885,5.37120423225e-05,0.566875
0.0414058,0.00732869,5.37096971161e-05,0.566906
0.0414643,0.00732884,5.37118957456e-05,0.566893
0.0414643,0.00732884,5.37118957456e-05,0.566893
0.0414017,0.00732847,5.37064725409e-05,0.5669
0.00605902,0.0986241,0.00972671310081,0.00130524
0.0414104,0.00732859,5.37082313881e-05,0.566904
-0.0885712,0.0556194,0.00309351765636,0.00421856
0.0188387,0.0227487,0.00051750335169,0.0254282
0.03386,0.00877936,7.70771620096e-05,0.778383
0.0414046,0.00735605,5.41114716025e-05,0.564361
0.0414037,0.00735617,5.41132370689e-05,0.564363
0.0240734,0.0145513,0.00021174033169,0.0662645
0.033248,0.00876428,7.68126039184e-05,0.779863
0.0267296,0.00928224,8.61599794176e-05,0.187136
0.0329678,0.0084206,7.090650436e-05,0.753839
0.0198246,0.0227553,0.00051780367809,0.0254127
0.0413906,0.00732864,5.37089642496e-05,0.566898
0.0413906,0.00732864,5.37089642496e-05,0.566898
0.0262856,0.00928689,8.62463258721e-05,0.186916
-0.0375109,0.0148074,0.00021925909476,0.0639666
-0.134768,0.0816701,0.00667000523401,0.00200754
0.0413906,0.00732864,5.37089642496e-05,0.566898
-0.100065,0.0692084,0.00478980263056,0.0027396
0.040369,0.00731482,5.35065916324e-05,0.565786
0.00420936,0.0973891,0.00948463679881,0.00137635
0.126034,0.0708353,0.00501763972609,0.00256092
0.0413906,0.00732864,5.37089642496e-05,0.566898
0.0413906,0.00732864,5.37089642496e-05,0.566898
0.0229458,0.0111854,0.00012511317316,0.119205
0.100861,0.0797276,0.00635649020176,0.00205412
0.0415118,0.0073303,5.373329809e-05,0.567013
0.0330334,0.00875764,7.66962583696e-05,0.779626
0.0329678,0.0084206,7.090650436e-05,0.753839
0.0134154,0.0197192,0.00038884684864,0.0355239
0.0413906,0.00732864,5.37089642496e-05,0.566898
0.0413906,0.00732864,5.37089642496e-05,0.566898
0.0413906,0.00732864,5.37089642496e-05,0.566898
0.0413906,0.00732864,5.37089642496e-05,0.566898
0.0413906,0.00732864,5.37089642496e-05,0.566898
0.0198246,0.0227553,0.00051780367809,0.0253981
0.0261814,0.009286,8.6229796e-05,0.187066
0.0188387,0.0227487,0.00051750335169,0.0254282
0.0262856,0.00928689,8.62463258721e-05,0.186916
0.0413906,0.00732864,5.37089642496e-05,0.566898
-0.00312684,0.023068,0.000532132624,0.0260179
0.0415118,0.0073303,5.373329809e-05,0.567013
-0.0491461,0.149598,0.022379561604,0.000602745
-0.0256386,0.0378457,0.00143229700849,0.00940012
0.0188387,0.0227487,0.00051750335169,0.0254282
0.0262856,0.00928689,8.62463258721e-05,0.186916
0.0262856,0.00928689,8.62463258721e-05,0.186916
0.0359332,0.0161046,0.00025935814116,0.0530631
0.0262856,0.00928689,8.62463258721e-05,0.186916
0.0415118,0.0073303,5.373329809e-05,0.567013
0.0262856,0.00928689,8.62463258721e-05,0.186916
0.0329678,0.0084206,7.090650436e-05,0.753839
-0.0770669,0.113123,0.012796813129,0.00104977
0.0329489,0.00842094,7.09122304836e-05,0.753824
0.0329339,0.00842074,7.09088621476e-05,0.753832
0.0413546,0.007329,5.3714241e-05,0.566904
0.0550477,0.053642,0.002877464164,0.00459257
0.0329339,0.00842074,7.09088621476e-05,0.753832
-0.0280629,0.163769,0.026820285361,0.000494285
0.0413546,0.007329,5.3714241e-05,0.566889
0.0413546,0.007329,5.3714241e-05,0.566889
0.0268817,0.00928234,8.61618358756e-05,0.187132
0.0418666,0.00733126,5.37473731876e-05,0.567623
0.0235205,0.0112077,0.00012561253929,0.118732
0.0198246,0.0227553,0.00051780367809,0.0254127
-0.0683476,0.130948,0.017147378704,0.000725914
0.0417871,0.00732937,5.37196645969e-05,0.567521
0.0333797,0.00876203,7.67731697209e-05,0.779764
0.0198246,0.0227553,0.00051780367809,0.0254127
-0.0397653,0.0324887,0.00105551562769,0.0124881
0.041719,0.00732967,5.37240623089e-05,0.567556
0.0188387,0.0227487,0.00051750335169,0.0254282
0.0269588,0.00929867,8.64652637689e-05,0.186349
0.00882297,0.055654,0.003097367716,0.00426163
0.0417871,0.00732937,5.37196645969e-05,0.567521
-0.0986139,0.0536371,0.00287693849641,0.00454068
-0.00752366,0.0281669,0.00079337425561,0.0168859
0.0643764,0.0591373,0.00349722025129,0.00377615
0.0334754,0.00876303,7.67906947809e-05,0.779788
0.0417871,0.00732937,5.37196645969e-05,0.567521
0.0417871,0.00732937,5.37196645969e-05,0.567521
0.0332722,0.00842417,7.09666401889e-05,0.753971
0.0141255,0.0682049,0.00465190838401,0.00282713
0.0273181,0.009303,8.6545809e-05,0.186212
0.0333692,0.00876418,7.68108510724e-05,0.779873
0.0330151,0.00842162,7.09236834244e-05,0.753687
0.0329582,0.00842173,7.09255361929e-05,0.753694
0.0415866,0.00733018,5.37315388324e-05,0.56721
-0.0480901,0.0773778,0.00598732393284,0.00226329
0.0417871,0.00732937,5.37196645969e-05,0.567521
0.0269772,0.00929884,8.64684253456e-05,0.186355
0.0772861,0.0302248,0.00091353853504,0.0147611
0.0269772,0.00929884,8.64684253456e-05,0.186355
0.0417871,0.00732937,5.37196645969e-05,0.567521
0.0269772,0.00929884,8.64684253456e-05,0.186355
0.0417871,0.00732937,5.37196645969e-05,0.567521
0.0269772,0.00929884,8.64684253456e-05,0.186355
0.0267803,0.0553372,0.00306220570384,0.00441095
0.0358618,0.0161036,0.00025932593296,0.0530648
0.0417871,0.00732937,5.37196645969e-05,0.567521
0.025925,0.00930169,8.65214368561e-05,0.187132
0.0417871,0.00732937,5.37196645969e-05,0.567521
0.0417871,0.00732937,5.37196645969e-05,0.567521
0.0417871,0.00732937,5.37196645969e-05,0.567521
0.0417871,0.00732937,5.37196645969e-05,0.567521
0.0333075,0.00842414,7.09661347396e-05,0.753956
0.0332535,0.00842509,7.09821415081e-05,0.753979
0.041816,0.00732955,5.37223032025e-05,0.567505
0.041816,0.00732955,5.37223032025e-05,0.567505
0.0333075,0.00842414,7.09661347396e-05,0.753956
0.0269588,0.00929867,8.64652637689e-05,0.186349
0.0257404,0.0108508,0.00011773986064,0.129246
0.0227101,0.0788217,0.00621286039089,0.00214785
0.0268309,0.00929908,8.64728888464e-05,0.186359
0.0198246,0.0227553,0.00051780367809,0.0254127
0.0418227,0.00732952,5.37218634304e-05,0.567497
0.0418227,0.00732952,5.37218634304e-05,0.567497
0.0268638,0.0092978,8.644908484e-05,0.186488
0.0272559,0.00930394,8.65632995236e-05,0.186202
0.0417777,0.00733151,5.37510388801e-05,0.56742
0.0268348,0.00929944,8.64795843136e-05,0.186349
0.0271046,0.00930413,8.65668350569e-05,0.186208
0.0418227,0.00732952,5.37218634304e-05,0.567497
0.0268348,0.00929944,8.64795843136e-05,0.186349
0.0331919,0.00842397,7.09632705609e-05,0.753963
0.0268283,0.0092995,8.648070025e-05,0.186324
0.0417467,0.0073305,5.373623025e-05,0.567488
0.0336402,0.0087654,7.683223716e-05,0.779817
0.0417047,0.00733097,5.37431211409e-05,0.567405
0.0416932,0.00732997,5.37284602009e-05,0.567339
0.0261749,0.00929992,8.64885120064e-05,0.186284
0.0261749,0.00929992,8.64885120064e-05,0.186284
0.0335759,0.00876404,7.68083971216e-05,0.779817
0.0336143,0.00876314,7.67926226596e-05,0.779819
0.0244386,0.0145833,0.00021267263889,0.0660293
0.0339463,0.00842006,7.08974104036e-05,0.753849
0.0261749,0.00929992,8.64885120064e-05,0.186284
0.0261749,0.00929992,8.64885120064e-05,0.186284
0.0340861,0.00841989,7.08945476121e-05,0.753826
0.147898,0.06921,0.0047900241,0.00274555
0.0261749,0.00929992,8.64885120064e-05,0.186284
0.0262548,0.00932037,8.68692969369e-05,0.185616
0.0272618,0.0088773,7.880645529e-05,0.211233
0.0224585,0.0227087,0.00051568505569,0.02552
0.0261749,0.00929992,8.64885120064e-05,0.186284
-0.00651751,0.109719,0.012038258961,0.001116
0.0244386,0.0145833,0.00021267263889,0.0660293
0.0261749,0.00929992,8.64885120064e-05,0.186284
0.0262583,0.00929956,8.64818161936e-05,0.186224
-0.0240228,0.0759514,0.00576861516196,0.00237048
0.0340134,0.00841993,7.08952212049e-05,0.753857
-0.0183615,0.017445,0.000304328025,0.0461907
0.0416338,0.00732963,5.37234759369e-05,0.56737
0.0738014,0.0864521,0.00747396559441,0.00171296
0.0261749,0.00929992,8.64885120064e-05,0.186284
0.041629,0.00732953,5.37220100209e-05,0.567368
-0.00233407,0.0841838,0.00708691218244,0.00177914
0.0339856,0.00842062,7.09068411844e-05,0.753918
-0.197774,0.108077,0.011680637929,0.00118769
0.0339856,0.00842062,7.09068411844e-05,0.753918
0.0339856,0.00842062,7.09068411844e-05,0.753918
0.0224585,0.0227087,0.00051568505569,0.02552
0.0271172,0.0323309,0.00104528709481,0.0126221
0.0416432,0.00732894,5.37133615236e-05,0.567236
0.0338907,0.00841696,7.08452156416e-05,0.753671
-0.0827595,0.042007,0.001764588049,0.00748708
0.023331,0.0226302,0.00051212595204,0.0257205
0.0339216,0.00841585,7.08265312225e-05,0.246322
0.0260459,0.00930273,8.65407854529e-05,0.186171
0.0340132,0.00841581,7.08258579561e-05,0.246275
0.0340132,0.00841581,7.08258579561e-05,0.246275
-0.0890054,0.108084,0.011682151056,0.00108383
0.0335739,0.00876113,7.67573988769e-05,0.22018
-0.0326807,0.0759933,0.00577498164489,0.0023095
0.0341051,0.00841665,7.08399972225e-05,0.246313
0.0338317,0.00841676,7.08418488976e-05,0.246237
0.068523,0.0366913,0.00134625149569,0.00990053
0.0340675,0.00841684,7.08431955856e-05,0.246267
0.0260386,0.00929994,8.64888840036e-05,0.18643
0.0338317,0.00841676,7.08418488976e-05,0.246237
0.0340717,0.0084158,7.082568964e-05,0.246275
0.0187582,0.0481443,0.00231787362249,0.00584351
0.0346608,0.00836924,7.00441781776e-05,0.247202
0.0344124,0.00887485,7.87629625225e-05,0.21549
0.0346019,0.00851287,7.24689556369e-05,0.241631
0.0408548,0.00736723,5.42760778729e-05,0.42322
0.00257092,0.077916,0.006070903056,0.00213828
0.0380065,0.00741105,5.49236621025e-05,0.43223
-0.0183532,0.0464073,0.00215363749329,0.00617629
0.0185973,0.00938683,8.81125774489e-05,0.183271
0.0380417,0.00737893,5.44486079449e-05,0.431936
0.0338724,0.00841016,7.07307912256e-05,0.248353
0.021539,0.0353183,0.00124738231489,0.010747
0.0538921,0.0418205,0.00174895422025,0.0074835
0.0352259,0.00842553,7.09895557809e-05,0.247078
0.0384081,0.00737594,5.44044908836e-05,0.430287
-0.0496909,0.0243542,0.00059312705764,0.0230971
0.0236267,0.0136698,0.00018686343204,0.0756585
0.0223678,0.022837,0.000521528569,0.0253643
0.0249297,0.022737,0.000516971169,0.025588
0.019537,0.00941484,8.86392122256e-05,0.181704
0.0348649,0.0084234,7.095366756e-05,0.247094
0.0381059,0.0073759,5.440390081e-05,0.430014
0.0194914,0.00941591,8.86593611281e-05,0.181707
0.0345049,0.00876269,7.67847360361e-05,0.220999
0.034358,0.00876488,7.68231214144e-05,0.220899
0.0347616,0.00842391,7.09622596881e-05,0.247133
0.0347094,0.00842449,7.09720317601e-05,0.247086
0.0206469,0.00939074,8.81859977476e-05,0.183419
0.0345578,0.00842434,7.09695044356e-05,0.247094
0.0346319,0.00843812,7.12018691344e-05,0.246471
-0.0754796,0.0362755,0.00131591190025,0.0102228
0.0374127,0.00738578,5.45497462084e-05,0.429392
0.0345708,0.00843697,7.11824627809e-05,0.246541
0.0249809,0.0227251,0.00051643017001,0.0256141
0.034996,0.00840926,7.07156537476e-05,0.247409
0.0350053,0.00840904,7.07119537216e-05,0.247402
0.00758017,0.0331896,0.00110154954816,0.012253
0.035022,0.00840801,7.06946321601e-05,0.247541
0.0193389,0.00940495,8.84530845025e-05,0.181941
-0.127734,0.062842,0.003949116964,0.0033642
0.0350053,0.00840904,7.07119537216e-05,0.247402
-0.133642,0.105134,0.011053157956,0.00123575
0.0383793,0.00737017,5.43194058289e-05,0.430139
0.0200007,0.00941342,8.86124760964e-05,0.181741
0.0200286,0.00941393,8.86220780449e-05,0.181711
0.0140617,0.0118902,0.00014137685604,0.104743
0.0347902,0.00876524,7.68294322576e-05,0.220945
0.0348607,0.00842944,7.10554587136e-05,0.246945
0.0201062,0.00941411,8.86254670921e-05,0.181701
0.0993213,0.0898279,0.00806905161841,0.00159542
0.0381273,0.00738393,5.45224222449e-05,0.430194
0.020111,0.00941411,8.86254670921e-05,0.181701
0.0347648,0.00842925,7.10522555625e-05,0.246969
-0.0783902,0.110524,0.012215554576,0.00103786
0.0344832,0.00876822,7.68816819684e-05,0.220782
-0.123282,0.0911944,0.00831641859136,0.00157768
0.123057,0.0662914,0.00439454971396,0.00293373
0.0381273,0.00738393,5.45224222449e-05,0.430176
0.0347408,0.00842811,7.10330381721e-05,0.246967
0.0349372,0.00843681,7.11797629761e-05,0.246554
0.0344242,0.0087645,7.681646025e-05,0.220967
-0.0447284,0.0540397,0.00292028917609,0.00444994
-0.0960836,0.101657,0.010334145649,0.0012836
0.0243141,0.0227473,0.00051743965729,0.0255749
0.0347415,0.00844112,7.12525068544e-05,0.246634
0.0347867,0.00844126,7.12548703876e-05,0.246634
0.0200837,0.00942389,8.88097027321e-05,0.181438
0.021872,0.00896493,8.03699699049e-05,0.207502
0.0254727,0.0538388,0.00289861638544,0.00443599
0.0236368,0.0670485,0.00449550135225,0.00295145
-0.026535,0.009559,9.1374481e-05,0.188385
-0.0200562,0.0348897,0.00121729116609,0.0108182
0.0243141,0.0227473,0.00051743965729,0.0255749
0.0294117,0.0147519,0.00021761855361,0.0638895
-0.101969,0.0587838,0.00345553514244,0.00393213
0.48896,0.179418,0.032190818724,0.000432499
-0.0308872,0.00755651,5.71008433801e-05,0.613322
0.0386789,0.00738884,5.45949565456e-05,0.43016
0.0386789,0.00738884,5.45949565456e-05,0.43016
0.191913,0.0852548,0.00726838092304,0.00175346
0.00761316,0.0164645,0.00027107976025,0.0526578
-0.184127,0.129482,0.016765588324,0.000757646
0.0334807,0.00781841,6.11275349281e-05,0.326686
0.0370215,0.141916,0.020140151056,0.000633087
-0.0239791,0.09799,0.0096020401,0.00134176
0.157864,0.0951606,0.00905553979236,0.00146691
0.034842,0.00878778,7.72250773284e-05,0.220471
0.0332798,0.00782213,6.11857177369e-05,0.32651
0.0332798,0.00782213,6.11857177369e-05,0.32651
0.0243847,0.0119773,0.00014345571529,0.101351
0.0071354,0.0449098,0.00201689013604,0.00662929
0.0257088,0.0227219,0.00051628473961,0.0256375
0.055286,0.0504776,0.00254798810176,0.00519364
0.014555,0.0119888,0.00014373132544,0.103172
-0.0162782,0.0349124,0.00121887567376,0.0108226
0.0135813,0.0119029,0.00014167902841,0.104592
-0.00369109,0.017541,0.000307686681,0.0452672
0.0351845,0.00879028,7.72690224784e-05,0.22047
-0.0949414,0.0515261,0.00265493898121,0.00495462
0.0513537,0.0207468,0.00043042971024,0.031495
0.0351673,0.00878931,7.72519702761e-05,0.220478
0.0235948,0.022741,0.000517153081,0.0255904
0.0665565,0.10886,0.0118504996,0.00115794
0.0186718,0.0411098,0.00169001565604,0.00789424
-0.0735656,0.0360169,0.00129721708561,0.0102363
0.0130685,0.0118958,0.00014151005764,0.10472
-0.0109891,0.0985898,0.00971994866404,0.00135773
0.156221,0.0779154,0.00607080955716,0.002145
-0.0166514,0.0596199,0.00355453247601,0.00373655
0.125107,0.0946818,0.00896464325124,0.0015152
0.0133439,0.0118916,0.00014141015056,0.104767
-0.0407805,0.0483005,0.00233293830025,0.00574317
-0.00321189,0.0175289,0.00030726233521,0.0453518
-0.091921,0.0535582,0.00286848078724,0.00457228
0.033443,0.00782122,6.11714822884e-05,0.32671
0.0334691,0.00782139,6.11741415321e-05,0.326623
0.0547947,0.145559,0.021187422481,0.000679537
-0.0103087,0.0589406,0.00347399432836,0.00377079
-0.0176078,0.0511671,0.00261807212241,0.00509171
0.0248828,0.0119761,0.00014342697121,0.10146
0.22529,0.123244,0.015189083536,0.000895255
0.0339262,0.00781949,6.11444238601e-05,0.326551
0.111519,0.0973888,0.00948457836544,0.00137579
0.0349875,0.00768074,5.89937669476e-05,0.352491
0.0240066,0.0136649,0.00018672949201,0.0757646
0.0133693,0.0117465,0.00013798026225,0.107687
0.0239423,0.0136642,0.00018671036164,0.0757646
0.0239016,0.0136623,0.00018665844129,0.0757909
-0.0299348,0.0075766,5.740486756e-05,0.379165
-0.0293207,0.00742153,5.50791075409e-05,0.399484
0.015365,0.022789,0.000519338521,0.0254342
-0.110645,0.0834434,0.00696280100356,0.0018755
0.101647,0.0654243,0.00428033903049,0.00301149
-0.0302285,0.0074135,5.495998225e-05,0.399556
0.0111752,0.012273,0.000150626529,0.0968681
-0.0300868,0.00741484,5.49798522256e-05,0.39925
0.092269,0.0754127,0.00568707532129,0.00237838
0.00174956,0.0228776,0.00052338458176,0.0261339
0.0620907,0.0469753,0.00220667881009,0.00596012
0.000165451,0.00825251,6.81039213001e-05,0.738051
0.0156516,0.0227067,0.00051559422489,0.0256082
0.0357943,0.00887788,7.88167532944e-05,0.213236
0.00497909,0.00755561,5.70872424721e-05,0.640025
0.0348284,0.00852714,7.27121165796e-05,0.238798
0.0202985,0.0291206,0.00084800934436,0.0161194
0.0350097,0.00852683,7.27068298489e-05,0.238869
-0.0303617,0.0074152,5.498519104e-05,0.399219
-0.030362,0.00741583,5.49945345889e-05,0.399234
0.0800188,0.0765213,0.00585550935369,0.00225211
-0.00401876,0.0729131,0.00531632015161,0.00249869
0.0132237,0.0122622,0.00015036154884,0.0969595
0.0346279,0.00852695,7.27088763025e-05,0.238865
-0.0302609,0.0074159,5.499557281e-05,0.399206
0.12232,0.0834203,0.00695894645209,0.0018833
0.000733036,0.00826784,6.83571782656e-05,0.738497
0.000466681,0.00826993,6.83917422049e-05,0.738628
0.132026,0.0699857,0.00489799820449,0.00268467
0.000101688,0.0312145,0.00097434501025,0.0135999
-0.029925,0.00743298,5.52491916804e-05,0.399052
-0.00435654,0.019202,0.000368716804,0.037451
-0.000671172,0.00826352,6.82857627904e-05,0.738252
-0.00392532,0.0182742,0.00033394638564,0.0413493
-0.0306119,0.00735714,5.41275089796e-05,0.436336
-0.030726,0.00735663,5.41200049569e-05,0.436195
0.0283795,0.0266591,0.00071070761281,0.0184951
-0.0306904,0.00735374,5.40774919876e-05,0.436774
-0.00514979,0.0192346,0.00036996983716,0.0373063
-0.00514979,0.0192346,0.00036996983716,0.0373063
0.0656305,0.059506,0.003540964036,0.00382001
-0.0204553,0.0364289,0.00132706475521,0.0100971
-0.0204771,0.0344541,0.00118708500681,0.0111351
-0.00722139,0.0192465,0.00037042776225,0.0371661
0.0349492,0.0157401,0.00024775074801,0.0560546
0.147984,0.0590972,0.00349247904784,0.0038434
0.0182519,0.0124387,0.00015472125769,0.0933391
-0.00858653,0.0192178,0.00036932383684,0.0372803
-0.0090882,0.0192253,0.00036961216009,0.0372495
-0.0090882,0.0192253,0.00036961216009,0.0372495
-0.00862019,0.0192177,0.00036931999329,0.0372791
-0.0414809,0.0911749,0.00831286239001,0.0016545
0.0117783,0.0228636,0.00052274420496,0.0252895
-0.0021981,0.00794735,6.31603720225e-05,0.700793
-0.00899713,0.0192296,0.00036977751616,0.0372209
0.0632518,0.0902685,0.00814840209225,0.00163722
0.0356765,0.0159432,0.00025418562624,0.0544849
0.0471609,0.0605235,0.00366309405225,0.00358202
-0.00899713,0.0192296,0.00036977751616,0.0372209
-0.00899713,0.0192296,0.00036977751616,0.0372209
-0.0083893,0.0191967,0.00036851329089,0.0373666
-0.0634608,0.0980494,0.00961368484036,0.00137341
0.0418876,0.0404436,0.00163568478096,0.00809598
-0.0688781,0.053199,0.002830133601,0.00470752
-0.00996801,0.0292389,0.00085491327321,0.0156328
0.00627183,0.0076422,5.840322084e-05,0.407868
-0.00837463,0.0192371,0.00037006601641,0.0371924
-0.0086532,0.0192414,0.00037023147396,0.0371804
-0.0086532,0.0192414,0.00037023147396,0.0371804
-0.0086532,0.0192414,0.00037023147396,0.0371804
-0.0175134,0.0345764,0.00119552743696,0.0110754
-0.00856931,0.0192241,0.00036956602081,0.0372644
-0.00762104,0.0192198,0.00036940071204,0.0372787
-0.0086715,0.0192532,0.00037068571024,0.0371399
-0.00866309,0.0192529,0.00037067415841,0.0371387
-0.00866309,0.0192529,0.00037067415841,0.0371387
-0.0181835,0.0287429,0.00082615430041,0.0164035
-0.147163,0.0663172,0.00439797101584,0.00304398
0.153114,0.163762,0.026817992644,0.000493812
-0.0172268,0.0841768,0.00708573365824,0.00184188
-0.0998797,0.0860318,0.00740147061124,0.00183938
-0.00801572,0.0192604,0.00037096300816,0.0371113
-0.00146175,0.00827846,6.85328999716e-05,0.739054
0.0409258,0.0616879,0.00380539700641,0.00344093
-0.0132756,0.0252359,0.00063685064881,0.0211822
-0.00819993,0.0192644,0.00037111710736,0.037097
-0.0157471,0.0253335,0.00064178622225,0.0210183
-0.00792906,0.0192564,0.00037080894096,0.0371256
0.0113739,0.0284121,0.00080724742641,0.0162228
-0.00817573,0.0192817,0.00037178395489,0.0370707
-0.0303515,0.0350339,0.00122737414921,0.0108846
-0.07482,0.0931687,0.00868040665969,0.00153142
0.0997622,0.0710739,0.00505149926121,0.00256212
-0.00832191,0.0192898,0.00037209638404,0.0370136
-0.00832191,0.0192898,0.00037209638404,0.0370136
-0.00832191,0.0192898,0.00037209638404,0.0370136
-0.00832191,0.0192898,0.00037209638404,0.0369993
0.00610896,0.00759523,5.76875187529e-05,0.644816
-0.00835998,0.0192939,0.00037225457721,0.036985
0.156562,0.102973,0.010603438729,0.00131193
-0.00867657,0.0192936,0.00037224300096,0.0370005
-0.00867657,0.0192936,0.00037224300096,0.0370005
0.00465733,0.0591109,0.00349409849881,0.00386454
0.00618767,0.02309,0.0005331481,0.0248416
-0.0270951,0.0562851,0.00316801248201,0.00421314
0.0345776,0.0157477,0.00024799005529,0.0560447
-0.00852924,0.0193607,0.00037483670449,0.0367963
0.0445517,0.0166162,0.00027609810244,0.0506315
0.100809,0.0717624,0.00514984205376,0.00253721
-0.035005,0.0860831,0.00741030010561,0.0017899
-0.009034,0.0193729,0.00037530925441,0.036759
-0.009034,0.0193729,0.00037530925441,0.036759
-0.00941165,0.0193771,0.00037547200441,0.036747
-0.000207407,0.0545317,0.00297370630489,0.0044465
-0.0602998,0.107311,0.011515650721,0.00111218
0.0176044,0.04422,0.0019554084,0.00683064
-0.0913526,0.0517747,0.00268061956009,0.00489787
-0.00936066,0.0135308,0.00018308254864,0.920908
-0.0765155,0.0536614,0.00287954584996,0.00458432
-0.107379,0.132312,0.017506465344,0.000772415
-0.0327641,0.00762575,5.81520630625e-05,0.38625
0.00648941,0.00749681,5.62021601761e-05,0.617716
0.0320358,0.00775908,6.02033224464e-05,0.339622
-0.00968994,0.0757043,0.00573114103849,0.00219082
-0.000752549,0.00824562,6.79902491844e-05,0.737198
-0.000949336,0.00824824,6.80334630976e-05,0.737279
-0.0073587,0.114052,0.013007858704,0.0010343
-0.02955,0.00750478,5.63217228484e-05,0.3935
0.0811326,0.105145,0.011055471025,0.00122503
0.0268229,0.0162529,0.00026415675841,0.0524187
-0.00111308,0.00824736,6.80189469696e-05,0.737322
-0.000946539,0.00824453,6.79722749209e-05,0.737165
0.031577,0.0084812,7.193075344e-05,0.246915
0.0268614,0.0162527,0.00026415025729,0.0524204
0.0257334,0.0162553,0.00026423477809,0.0524276
0.0049259,0.0206515,0.00042648445225,0.0321288
-0.00739067,0.0191781,0.00036779951961,0.0375712
0.0515801,0.0794527,0.00631273153729,0.00202267
0.00505832,0.00760099,5.77750489801e-05,0.645094
0.0277611,0.0162562,0.00026426403844,0.0523926
-0.00111762,0.00823246,6.77733976516e-05,0.736822
0.0368894,0.0216617,0.00046922924689,0.0292327
-0.00097526,0.00823401,6.77989206801e-05,0.736933
-0.00844276,0.0191899,0.00036825226201,0.0375213
-0.00897699,0.0749125,0.00561188265625,0.00223724
-0.00138092,0.00823037,6.77389903369e-05,0.736719
-0.000857592,0.00823121,6.77528180641e-05,0.736596
0.0469729,0.0199654,0.00039861719716,0.0338257
-0.00503298,0.0581061,0.00337631885721,0.00395263
-0.00099734,0.00823015,6.77353690225e-05,0.736667
-0.00110803,0.0082324,6.777240976e-05,0.736797
-0.0220909,0.0231376,0.00053534853376,0.0251108
-0.00149441,0.00819543,6.71650728849e-05,0.736132
0.00291985,0.0379087,0.00143706953569,0.00874164
-0.00843369,0.0191909,0.00036829064281,0.0375224
0.120725,0.114005,0.012997140025,0.00101858
0.00424343,0.00757973,5.74523068729e-05,0.6447
-0.0748286,0.0561916,0.00315749591056,0.00418521
0.00135651,0.0230039,0.00052917941521,0.0251579
-0.00118296,0.00823212,6.77677996944e-05,0.737121
0.0324746,0.0164265,0.00026982990225,0.0512367
-0.0100272,0.0192245,0.00036958140025,0.0373594
-0.00968185,0.0754351,0.00569045431201,0.00220631
0.00434833,0.00760713,5.78684268369e-05,0.647059
-0.000172311,0.00838996,7.03914288016e-05,0.75238
-0.0356922,0.0311979,0.00097330896441,0.0142812
-0.0277249,0.00751985,5.65481440225e-05,0.390133
-0.0246856,0.0339234,0.00115079706756,0.0116406
0.00465395,0.00766436,5.87424142096e-05,0.655562
-0.00581993,0.0182267,0.00033221259289,0.0416072
0.0382928,0.0146256,0.00021390817536,0.0656779
-0.00528865,0.0182198,0.00033196111204,0.0416447
0.00669309,0.0225474,0.00050838524676,0.0262962
0.163841,0.0991874,0.00983814031876,0.00134272
-0.004359,0.0182034,0.00033136377156,0.0416796
0.0267247,0.00839863,7.05369858769e-05,0.255691
-0.00610239,0.0182597,0.00033341664409,0.0415801
-0.0266209,0.00742739,5.51661222121e-05,0.452371
0.0261872,0.0363076,0.00131824181776,0.0102129
-0.0115513,0.0323757,0.00104818595049,0.012989
-0.0926759,0.0726725,0.00528129225625,0.00249465
-0.0207871,0.00742203,5.50865293209e-05,0.409778
-0.0135163,0.0373372,0.00139406650384,0.00942638
0.229804,0.140065,0.019618204225,0.000678991
-0.050395,0.068183,0.004648921489,0.00289998
-0.0225538,0.0374629,0.00140346887641,0.00937944
0.056167,0.0598617,0.00358342312689,0.00365921
-0.0204554,0.00741776,5.50231634176e-05,0.409846
-0.0189509,0.0374933,0.00140574754489,0.00936399
-0.0202375,0.00741409,5.49687305281e-05,0.40996
0.0147617,0.0417536,0.00174336311296,0.00762096
0.00309277,0.00806755,6.50853630025e-05,0.719848
0.0311211,0.0163968,0.00026885505024,0.0514014
0.00422713,0.0722463,0.00521952786369,0.00248656
0.0745243,0.0986392,0.00972969177664,0.00142583
-0.135181,0.105819,0.011197660761,0.00115709
0.0309808,0.0163929,0.00026872717041,0.0514371
-0.0258254,0.0689653,0.00475621260409,0.00284162
0.020593,0.00790318,6.24602541124e-05,0.30731
0.0206322,0.00789993,6.24088940049e-05,0.307264
0.0585506,0.0415357,0.00172521437449,0.00772075
-0.0163202,0.0372125,0.00138477015625,0.00950188
0.0591196,0.0880946,0.00776065854916,0.0017598
-0.0380501,0.0532998,0.00284086868004,0.00472297
0.146564,0.0803701,0.00645935297401,0.00196826
0.0120622,0.113045,0.012779172025,0.00108121
0.00539591,0.00812653,6.60404898409e-05,0.728988
0.0843903,0.0889578,0.00791349018084,0.00158911
0.0248076,0.0294202,0.00086554816804,0.0151787
-0.00132072,0.00874342,7.64473932964e-05,0.781645
0.00555593,0.00812629,6.60365891641e-05,0.728996
0.00545191,0.00812586,6.60296007396e-05,0.728973
-0.0171863,0.0370001,0.00136900740001,0.00960736
-0.0215757,0.00738164,5.44886090896e-05,0.410416
-0.0216595,0.00738187,5.44920046969e-05,0.410384
0.00511138,0.00803822,6.46129807684e-05,0.71889
-0.0127936,0.037029,0.001371146841,0.00963766
0.0252488,0.0502558,0.00252564543364,0.00530795
0.00631045,0.00812473,6.60112375729e-05,0.72884
-0.0227282,0.00738927,5.46013111329e-05,0.40966
-0.0129589,0.0369678,0.00136661823684,0.00965251
0.00572851,0.00813947,6.62509718809e-05,0.72938
-0.0125351,0.0371177,0.00137772365329,0.00959162
0.0344339,0.0219379,0.00048127145641,0.028269
-0.0066424,0.00942936,8.89128300096e-05,0.819059
-0.0223832,0.00737467,5.43857576089e-05,0.410179
-0.0118851,0.030149,0.000908962201,0.0147459
-0.00656138,0.00945483,8.93938103289e-05,0.820055
0.0223405,0.0123252,0.00015191055504,0.0954562
0.0240108,0.0129604,0.00016797196816,0.0854731
0.0180403,0.012542,0.000157301764,0.0916819
0.0224283,0.00783897,6.14494506609e-05,0.314581
0.0947553,0.115901,0.013433041801,0.000990068
0.103002,0.0654585,0.00428481522225,0.00300589
-0.00371681,0.00941717,8.86830908089e-05,0.818468
0.00765095,0.055954,0.003130850116,0.00424793
0.0195263,0.012505,0.000156375025,0.0922773
0.00461329,0.00809826,6.55818150276e-05,0.725765
-0.013705,0.0298769,0.00089262915361,0.0150124
0.00479629,0.00809135,6.54699448225e-05,0.725601
0.0193181,0.0124872,0.00015593016384,0.092425
-0.0229494,0.00738872,5.45931832384e-05,0.410588
-0.0194617,0.103017,0.010612502289,0.00122374
-0.0231635,0.00738698,5.45674735204e-05,0.410568
-0.0231562,0.00738693,5.45667348249e-05,0.410573
0.0215965,0.00783537,6.13930230369e-05,0.313758
-0.00392436,0.00939972,8.83547360784e-05,0.818169
0.0232169,0.0128947,0.00016627328809,0.0860892
-0.0286942,0.0232491,0.00054052065081,0.0252228
-0.0230634,0.00738664,5.45624504896e-05,0.410612
-0.011912,0.0155232,0.00024096973824,0.942062
0.020262,0.0124803,0.00015575788809,0.0925149
-0.00293258,0.00938654,8.81071331716e-05,0.817942
-0.00329512,0.00938429,8.80648988041e-05,0.817883
0.0205846,0.0124691,0.00015547845481,0.0926086
0.020391,0.0124685,0.00015546349225,0.0926212
0.0203067,0.0124672,0.00015543107584,0.0926406
0.0226578,0.00793772,6.30073987984e-05,0.297783
-0.00356505,0.00938123,8.80074763129e-05,0.817744
-0.0229479,0.00738355,5.45168106025e-05,0.410609
-0.00357231,0.00938066,8.79967820356e-05,0.817693
0.020161,0.0124625,0.00015531390625,0.092688
0.200799,0.147552,0.021771592704,0.00057134
0.0199604,0.0124725,0.00015556325625,0.092572
0.0203214,0.0124632,0.00015533135424,0.0926754
-0.0545556,0.0803646,0.00645846893316,0.00212726
0.0201692,0.0124623,0.00015530892129,0.0926851
0.0203295,0.012463,0.000155326369,0.0926725
-0.0280962,0.0800803,0.00641285444809,0.00195957
0.000444454,0.0957613,0.00917022657769,0.00143479
0.00535342,0.00806997,6.51244158009e-05,0.725001
0.0201692,0.0124623,0.00015530892129,0.0926851
0.0201692,0.0124623,0.00015530892129,0.0926851
0.0167409,0.100364,0.010072932496,0.0014071
0.0201692,0.0124623,0.00015530892129,0.0926851
0.0201692,0.0124623,0.00015530892129,0.0926851
0.00551282,0.00806769,6.50876219361e-05,0.724907
0.00551282,0.00806769,6.50876219361e-05,0.724907
0.0201692,0.0124623,0.00015530892129,0.0926851
0.0202677,0.0124638,0.00015534631044,0.09266
0.0201687,0.0124633,0.00015533384689,0.0927108
-0.00353249,0.00938151,8.80127298801e-05,0.817799
0.029174,0.0651024,0.00423832248576,0.00316387
0.0199885,0.0124581,0.00015520425561,0.0927131
0.0199885,0.0124581,0.00015520425561,0.0927131
0.019884,0.0124539,0.00015509962521,0.0927411
0.019884,0.0124539,0.00015509962521,0.0927411
0.019884,0.0124539,0.00015509962521,0.0927411
-0.0836678,0.0746373,0.00557072655129,0.00236915
0.168726,0.123308,0.015204862864,0.000879901
-0.00335165,0.0093778,8.794313284e-05,0.817615
0.0197421,0.0124529,0.00015507471841,0.0927508
0.0192236,0.0124553,0.00015513449809,0.0927045
0.0197421,0.0124529,0.00015507471841,0.0927508
0.00554109,0.00806782,6.50897195524e-05,0.724975
-0.00335708,0.00937815,8.79496974225e-05,0.817673
0.0197421,0.0124529,0.00015507471841,0.0927508
-0.0230787,0.00737942,5.44558395364e-05,0.410601
0.0193358,0.0124614,0.00015528648996,0.0926252
-0.0516591,0.0889148,0.00790584165904,0.00163945
0.0193371,0.0124607,0.00015526904449,0.0926406
0.0188755,0.0125299,0.00015699839401,0.0917961
0.0199425,0.0125187,0.00015671784969,0.0919423
0.0199746,0.0125134,0.00015658517956,0.0920151
0.00485119,0.00806471,6.50395473841e-05,0.724723
0.00520153,0.00806785,6.50902036225e-05,0.724907
0.00517479,0.00806657,6.50695515649e-05,0.724845
-0.0128553,0.0946673,0.00896189768929,0.00146977
0.0049979,0.00806688,6.50745529344e-05,0.72483
0.00495528,0.00806726,6.50806839076e-05,0.724813
-0.0227286,0.0073668,5.426974224e-05,0.411181
0.00537572,0.00806939,6.51150549721e-05,0.724744
-0.181262,0.118908,0.014139112464,0.000912409
0.0182789,0.0124931,0.00015607754761,0.0920773
0.0278151,0.0305768,0.00093494069824,0.0142596
-0.00400648,0.00938707,8.81170831849e-05,0.817672
-0.0524296,0.047553,0.002261287809,0.00579853
-0.0228622,0.00737659,5.44140800281e-05,0.411008
0.00563616,0.0962563,0.00926527528969,0.00148432
-0.00392895,0.00938493,8.80769111049e-05,0.817753
0.020873,0.00783567,6.13977243489e-05,0.313029
-0.0222502,0.00738297,5.45082460209e-05,0.410939
-0.0119299,0.0297624,0.00088580045376,0.0151117
-0.154187,0.0717765,0.00515186595225,0.00258306
0.0206914,0.00783895,6.14491371025e-05,0.312942
0.0155047,0.00726788,5.28220796944e-05,0.503244
0.0770095,0.082727,0.006843756529,0.00188819
-0.0225995,0.00738652,5.45606777104e-05,0.41087
0.097568,0.0748864,0.00560797290496,0.00226603
-0.0225,0.00738705,5.45685077025e-05,0.410767
0.161625,0.092165,0.008494387225,0.00154321
0.0250534,0.00742686,5.51582494596e-05,0.405434
0.0250638,0.00742679,5.51572097041e-05,0.405436
-0.105761,0.0803972,0.00646370976784,0.00204518
0.0391259,0.0146217,0.00021379411089,0.0663459
-0.00380711,0.00937042,8.78047709764e-05,0.817169
0.0236824,0.02088,0.0004359744,0.0313433
-6.45575e-05,0.0222615,0.00049557438225,0.0270266
-0.0216951,0.00738934,5.46023456356e-05,0.41184
0.0249825,0.00742835,5.51803837225e-05,0.405361
-0.00493484,0.0348861,0.00121703997321,0.0109103
-0.0499445,0.0478803,0.00229252312809,0.00572142
0.0217709,0.0125057,0.00015639253249,0.0921956
0.0212182,0.00789103,6.22683544609e-05,0.306213
0.00536462,0.0413607,0.00171070750449,0.00775841
0.0249659,0.00742907,5.51910810649e-05,0.405343
0.0170749,0.0121647,0.00014797992609,0.0980265
0.169407,0.0670135,0.00449080918225,0.00287117
0.0209004,0.00789934,6.23995724356e-05,0.305505
0.0290318,0.0968392,0.00937783065664,0.0013928
0.0264476,0.0170283,0.00028996300089,0.047496
0.0242776,0.00743591,5.52927575281e-05,0.404641
-0.00457403,0.00939633,8.82910174689e-05,0.818249
-0.0328062,0.0916826,0.00840569914276,0.00153161
-0.03193,0.0248765,0.00061884025225,0.0224126
-0.00401741,0.00931694,8.68053709636e-05,0.81353
-0.00387953,0.00931563,8.67809622969e-05,0.814516
0.0238453,0.00743974,5.53497312676e-05,0.401227
-0.0039134,0.00931572,8.67826391184e-05,0.81451
-0.021155,0.00738869,5.45927399161e-05,0.412281
-0.00387953,0.00931563,8.67809622969e-05,0.814516
-0.151764,0.0997811,0.00995626791721,0.00132008
-0.0303615,0.0343115,0.00117727903225,0.0112422
0.0702456,0.102347,0.010474908409,0.00123782
-0.00423294,0.00933155,8.70778254025e-05,0.8151
0.0130037,0.0282441,0.00079772918481,0.0165631
-0.00373691,0.00931635,8.67943773225e-05,0.814526
-0.00418701,0.00933153,8.70774521409e-05,0.815115
0.0238976,0.00744039,5.53594033521e-05,0.401208
0.0238782,0.0074398,5.535062404e-05,0.401305
0.0212991,0.0125149,0.00015662272201,0.0920678
0.00439955,0.00800236,6.40377655696e-05,0.716041
-0.00414523,0.00931039,8.66833619521e-05,0.814412
-0.00409981,0.00931328,8.67371843584e-05,0.814465
-0.00533297,0.00932325,8.69229905625e-05,0.814838
-0.00556143,0.00932449,8.69461137601e-05,0.814848
0.00570324,0.00798669,6.37872171561e-05,0.707394
0.0176363,0.0125796,0.00015824633616,0.0912201
-0.00423488,0.0093112,8.669844544e-05,0.814441
-0.00430319,0.00931297,8.67314102209e-05,0.814417
-0.00128253,0.0245721,0.00060378809841,0.0225406
0.0178663,0.0125774,0.00015819099076,0.0912018
-0.0523941,0.0470999,0.00221840058001,0.00590812
0.0177261,0.0125766,0.00015817086756,0.0912144
-0.00429086,0.00931283,8.67288026089e-05,0.814461
-0.00424515,0.0093131,8.673383161e-05,0.81447
0.0170375,0.0125843,0.00015836460649,0.0910907
-0.101818,0.0931076,0.00866902517776,0.00154297
-0.0523531,0.0470992,0.00221833464064,0.00590831
-0.0478602,0.0572924,0.00328241909776,0.00395636
0.017015,0.0125946,0.00015862394916,0.0909598
0.00412671,0.00808233,6.53240582289e-05,0.723323
0.0181469,0.00787458,6.20090101764e-05,0.309318
0.0120056,0.00797423,6.35883440929e-05,0.303152
-0.0203358,0.0074123,5.494219129e-05,0.411146
0.00477234,0.00884246,7.81890988516e-05,0.785557
0.022444,0.0130208,0.00016954123264,0.0847093
0.0169374,0.0126061,0.00015891375721,0.090857
0.0172025,0.0126115,0.00015904993225,0.090795
0.0107672,0.00786386,6.18402940996e-05,0.693592
0.0108008,0.00786439,6.18486300721e-05,0.69362
0.0818352,0.140148,0.019641461904,0.000679789
0.0127658,0.00812634,6.60374017956e-05,0.279143
0.176745,0.0671937,0.00451499331969,0.00285714
0.0126335,0.00812533,6.60209876089e-05,0.279163
0.00505091,0.00885944,7.84896771136e-05,0.786199
-0.0200755,0.00741495,5.49814835025e-05,0.41108
0.00492408,0.00884671,7.82642778241e-05,0.785645
0.00492408,0.00884671,7.82642778241e-05,0.785645
0.00440663,0.00884472,7.82290718784e-05,0.785496
0.0104989,0.00787256,6.19772009536e-05,0.693841
0.00463434,0.00885027,7.83272790729e-05,0.785741
0.00470709,0.00885253,7.83672874009e-05,0.785803
0.0175793,0.0126181,0.00015921644761,0.090709
0.0126833,0.00840325,7.06146105625e-05,0.250971
0.0104716,0.00787681,6.20441357761e-05,0.693976
0.0168399,0.00755943,5.71449819249e-05,0.371604
0.0166848,0.0126238,0.00015936032644,0.0905821
-0.0576759,0.046846,0.002194547716,0.00597112
-0.101333,0.0622383,0.00387360598689,0.00339663
0.0497458,0.0596114,0.00355351900996,0.00372247
-0.0053979,0.00841942,7.08866331364e-05,0.299875
0.0105293,0.00743965,5.53483921225e-05,0.388625
0.037522,0.0588688,0.00346553561344,0.00384319
0.0330165,0.105815,0.011196814225,0.00114303
-0.0172839,0.00740371,5.48149217641e-05,0.410306
0.0156541,0.00751422,5.64635022084e-05,0.368786
0.0395499,0.0907113,0.00822853994769,0.00155802
0.0100968,0.0329458,0.00108542573764,0.0121604
0.00532391,0.00899033,8.08260335089e-05,0.794999
0.0132795,0.00748357,5.60038199449e-05,0.381682
0.0157091,0.00751552,5.64830408704e-05,0.368418
0.0161903,0.00751264,5.64397597696e-05,0.368681
0.0147302,0.0712978,0.00508337628484,0.00253102
-0.0656903,0.0613594,0.00376497596836,0.00348209
-0.0182202,0.0931388,0.00867483606544,0.00159083
0.00421453,0.0310413,0.00096356230569,0.0140457
0.0154618,0.00751025,5.64038550625e-05,0.3688
0.109951,0.099756,0.009951259536,0.00134488
-0.00069637,0.064938,0.004216943844,0.00316622
0.0150557,0.0323226,0.00104475047076,0.0127054
0.0805719,0.103662,0.010745810244,0.00123651
-0.0168979,0.00740483,5.48315073289e-05,0.410291
0.0134148,0.00747617,5.58931178689e-05,0.381939
0.013621,0.00746569,5.57365271761e-05,0.38215
0.016017,0.00749604,5.61906156816e-05,0.36911
0.016017,0.00749604,5.61906156816e-05,0.36911
0.0241645,0.0979843,0.00960092304649,0.00140393
0.0414767,0.0894101,0.00799416598201,0.00168558
-0.0332088,0.032185,0.001035874225,0.0128027
0.0291848,0.0217259,0.00047201473081,0.0293232
0.0134926,0.00747316,5.58481203856e-05,0.382238
0.0138196,0.00747362,5.58549959044e-05,0.382159
-0.0591968,0.0402438,0.00161956343844,0.00806676
0.015962,0.00761026,5.79160572676e-05,0.360782
0.0153586,0.00752406,5.66114788836e-05,0.367771
0.0154603,0.00752249,5.65878558001e-05,0.367896
-0.034491,0.0321867,0.00103598365689,0.0127889
0.0139934,0.00747261,5.58399002121e-05,0.38205
0.0138391,0.0074724,5.583676176e-05,0.382198
0.124141,0.106583,0.011359935889,0.00117298
-0.0477033,0.064935,0.004216554225,0.00307488
0.0157798,0.00750281,5.62921578961e-05,0.369155
0.0103188,0.00740218,5.47922687524e-05,0.402856
0.0104473,0.00740227,5.47936011529e-05,0.402831
-0.0139978,0.00745317,5.55497430489e-05,0.389727
0.0192975,0.0129037,0.00016650547369,0.0865453
0.0492439,0.0559734,0.00313302150756,0.00425175
0.0109373,0.0108472,0.00011766174784,0.142017
0.0123728,0.00742418,5.51184486724e-05,0.389521
-0.0358041,0.0321477,0.00103347461529,0.012834
0.0102174,0.00740221,5.47927128841e-05,0.402627
0.0245843,0.03846,0.0014791716,0.00893409
0.0124035,0.00742632,5.51502287424e-05,0.389428
0.0106074,0.0074033,5.480885089e-05,0.403376
0.0139046,0.0885168,0.00783522388224,0.00165317
-0.0555297,0.0404008,0.00163222464064,0.00800457
0.0103307,0.00740419,5.48220295561e-05,0.402488
0.0095774,0.0205519,0.00042238059361,0.0325472
-0.0192651,0.0077253,5.968026009e-05,0.327804
-0.0261463,0.0254915,0.00064981657225,0.0213376
-0.0121167,0.00743009,5.52062374081e-05,0.398311
0.0117003,0.0321661,0.00103465798921,0.0128257
-0.0389865,0.0312839,0.00097868239921,0.0135715
0.00489764,0.00896372,8.03482762384e-05,0.794219
-0.0788185,0.0461094,0.00212607676836,0.00611578
0.0119278,0.00747116,5.58182317456e-05,0.380224
0.0116187,0.00746985,5.57986590225e-05,0.380109
0.0120591,0.00746936,5.57913388096e-05,0.380143
-0.0429372,0.0312292,0.00097526293264,0.0135885
0.0397417,0.0135251,0.00018292833001,0.92212
0.156352,0.106581,0.011359509561,0.00114505
-0.0406321,0.031194,0.000973065636,0.0136348
0.0351814,0.03443,0.0011854249,0.0111606
-0.0396041,0.0311936,0.00097304068096,0.0136327
-0.0406862,0.0312111,0.00097413276321,0.0136173
-0.0849744,0.0536571,0.00287908438041,0.00455233
0.00794196,0.00802076,6.43325909776e-05,0.285468
-0.0406818,0.0312125,0.00097422015625,0.013619
-0.0461704,0.0400105,0.00160084011025,0.00817472
-0.0248746,0.0132603,0.00017583555609,0.0822742
0.00913624,0.00743322,5.52527595684e-05,0.393812
-0.0406321,0.031194,0.000973065636,0.0136348
-0.00567882,0.108914,0.011862259396,0.00112679
-0.0429372,0.0312292,0.00097526293264,0.0135885
0.0115018,0.00746533,5.57311520089e-05,0.380145
0.00888362,0.00743519,5.52820503361e-05,0.393865
0.0115018,0.00746533,5.57311520089e-05,0.380145
-0.0429937,0.0312463,0.00097633126369,0.013571
-0.0240729,0.013239,0.000175271121,0.0826678
0.00910345,0.0074364,5.530004496e-05,0.393839
-0.0176617,0.0243995,0.00059533560025,0.0229908
0.00801737,0.00802626,6.44208495876e-05,0.285452
0.0401673,0.0200349,0.00040139721801,0.0341202
-0.0429474,0.0312296,0.00097528791616,0.013589
0.00129026,0.0931182,0.00867099917124,0.00154909
0.00925827,0.00743445,5.52710468025e-05,0.394734
0.0003876,0.023816,0.000567201856,0.023681
-0.0106449,0.0589999,0.00348098820001,0.00374829
-0.00901355,0.0463605,0.00214929596025,0.00609606
0.0115885,0.00747087,5.58138985569e-05,0.378969
-0.0429372,0.0312292,0.00097526293264,0.0135881
-0.0429937,0.0312463,0.00097633126369,0.0135706
0.00925338,0.00743965,5.53483921225e-05,0.392939
0.00479684,0.0089761,8.057037121e-05,0.794385
0.174569,0.12955,0.0167832025,0.000773658
0.00200407,0.066522,0.004425176484,0.00303396
-0.0422694,0.0312276,0.00097516300176,0.0135852
0.00919024,0.00743589,5.52924600921e-05,0.39271
-0.0425905,0.0311748,0.00097186815504,0.0136323
0.0120527,0.0076253,5.814520009e-05,0.355225
0.00936812,0.00743443,5.52707494249e-05,0.392623
0.0115862,0.00746065,5.56612984225e-05,0.379745
0.0116944,0.00746263,5.56908465169e-05,0.379892
0.0144655,0.0646065,0.00417399984225,0.00312017
-0.0428086,0.0311765,0.00097197415225,0.013631
0.0117226,0.00746229,5.56857720441e-05,0.379845
0.0093135,0.00743215,5.52368536225e-05,0.393797
0.0117226,0.00746229,5.56857720441e-05,0.379845
-0.0125667,0.0074391,5.534020881e-05,0.399531
-0.0404368,0.0308959,0.00095455663681,0.013903
0.11229,0.149516,0.022355034256,0.000555882
-0.0433023,0.0310308,0.00096291054864,0.0136906
-0.0404368,0.0308959,0.00095455663681,0.013903
0.00938067,0.00743228,5.52387859984e-05,0.393839
0.0116692,0.0074619,5.567995161e-05,0.37985
-0.0102232,0.0872277,0.00760867164729,0.00172157
-0.0433462,0.0312127,0.00097423264129,0.0136006
-0.0721243,0.0522112,0.00272600940544,0.00481392
-0.491371,0.283678,0.080473207684,0.000170289
0.0825156,0.0806862,0.00651026287044,0.00203905
-0.000315646,0.0545202,0.00297245220804,0.00452348
-0.0433571,0.0312123,0.00097420767129,0.0136002
-0.0433462,0.0312127,0.00097423264129,0.0136006
-0.0433571,0.0312123,0.00097420767129,0.0136002
-0.0253683,0.0134678,0.00018138163684,0.0795851
-0.107031,0.0773773,0.00598724655529,0.00219978
0.0207616,0.0129878,0.00016868294884,0.0851376
0.00820552,0.0649275,0.00421558025625,0.00325057
-0.0523626,0.0396683,0.00157357402489,0.00831303
-0.0354384,0.0194634,0.00037882393956,0.0365193
-0.0434335,0.0312118,0.00097417645924,0.0135985
0.0102799,0.00742528,5.51347830784e-05,0.398731
0.0127022,0.00745441,5.55682284481e-05,0.384765
-0.043447,0.0312114,0.00097415148996,0.0135981
0.177977,0.106573,0.011357804329,0.00112804
0.0247808,0.0921683,0.00849499552489,0.001611
0.0402162,0.0135386,0.00018329368996,0.92215
-0.042774,0.031193,0.000973003249,0.0136152
0.0100792,0.00742592,5.51442878464e-05,0.398379
-0.00438581,0.0845348,0.00714613241104,0.00188545
0.0103674,0.00742645,5.51521596025e-05,0.398728
0.182149,0.070373,0.004952359129,0.00260996
-0.0662688,0.0813988,0.00662576464144,0.00191453
0.0101333,0.00743429,5.52686678041e-05,0.399086
-0.043447,0.0312114,0.00097415148996,0.0135981
-0.0523626,0.0396683,0.00157357402489,0.00831303
-0.043447,0.0312114,0.00097415148996,0.0135981
-0.043447,0.0312114,0.00097415148996,0.0135981
0.0242977,0.0280764,0.00078828423696,0.0167023
0.0337431,0.0142977,0.00020442422529,0.0701093
0.0101561,0.00742493,5.51295855049e-05,0.398688
0.0195768,0.0558627,0.00312064125129,0.00422709
-0.0314839,0.0237038,0.00056187013444,0.0244431
0.0100788,0.00742641,5.51515654881e-05,0.398743
-0.043447,0.0312114,0.00097415148996,0.0135981
0.0126021,0.00745521,5.55801561441e-05,0.384819
-0.0134801,0.00747319,5.58485687761e-05,0.394003
-0.0988435,0.0791473,0.00626429509729,0.00209517
0.00995824,0.00742662,5.51546846244e-05,0.398422
-0.0743779,0.105809,0.011195544481,0.00122189
0.0125823,0.00745509,5.55783669081e-05,0.384803
0.010078,0.00742592,5.51442878464e-05,0.398719
-0.0166144,0.0167951,0.00028207538401,0.0488147
0.0125823,0.00745509,5.55783669081e-05,0.384803
-0.043447,0.0312114,0.00097415148996,0.0135981
-0.127965,0.0693838,0.00481411170244,0.00271983
-0.0184827,0.0110051,0.00012111222601,0.124674
0.0409795,0.0616782,0.00380420035524,0.00351095
-0.0134081,0.00747302,5.58460279204e-05,0.394046
0.0125823,0.00745509,5.55783669081e-05,0.384803
-0.0134208,0.0074728,5.584273984e-05,0.393887
-0.0163528,0.0164922,0.00027199266084,0.0509081
-0.0426356,0.0312648,0.00097748771904,0.0135364
0.0100735,0.00742737,5.51658251169e-05,0.39864
-0.0434736,0.0312117,0.00097417021689,0.0135985
-0.0283078,0.0367232,0.00134859341824,0.00981365
-0.0434736,0.0312117,0.00097417021689,0.0135985
0.00419811,0.00900366,8.10658933956e-05,0.795773
-0.0434736,0.0312117,0.00097417021689,0.0135985
0.00890376,0.00802966,6.44754397156e-05,0.289393
0.00998107,0.0074672,5.575907584e-05,0.397899
0.0100672,0.00746871,5.57816290641e-05,0.398017
0.0122987,0.00749604,5.61906156816e-05,0.383822
-0.0408753,0.0312622,0.00097732514884,0.0135585
-0.0638836,0.0576156,0.00331955736336,0.00390916
-0.0675985,0.0408441,0.00166824050481,0.00788197
0.00970352,0.0080445,6.471398025e-05,0.289162
0.00958715,0.00804572,6.47336103184e-05,0.289106
-0.0408753,0.0312622,0.00097732514884,0.0135585
-0.112514,0.0807108,0.00651423323664,0.00203025
0.120238,0.0826468,0.00683049355024,0.00195683
0.0156478,0.020077,0.000403085929,0.0341756
-0.0774608,0.0816699,0.00666997256601,0.00191059
-0.0135953,0.00750372,5.63058138384e-05,0.393825
0.195805,0.19567,0.0382867489,0.000324645
-0.0399253,0.031299,0.000979627401,0.0135294
-0.0135285,0.00750304,5.62956092416e-05,0.393806
-0.0493457,0.0399723,0.00159778476729,0.00819091
0.0124465,0.00750008,5.62512000064e-05,0.383926
0.0237729,0.078794,0.006208494436,0.00212041
0.0225379,0.0334232,0.00111711029824,0.0117789
0.0379244,0.0770749,0.00594054021001,0.00220993
0.0614816,0.0652763,0.00426099534169,0.00318708
-0.0256442,0.132376,0.017523405376,0.000726071
0.0106904,0.00747624,5.58941645376e-05,0.398769
-0.0394244,0.0313188,0.00098086723344,0.0135164
-0.0140662,0.00750964,5.63946929296e-05,0.394015
0.0130052,0.0124718,0.00015554579524,0.0931801
-0.0155933,0.0759728,0.00577186633984,0.00233826
0.00650789,0.0100345,0.00010069119025,0.159418
0.00763724,0.00766704,5.87835023616e-05,0.618598
0.00730855,0.00764529,5.84504591841e-05,0.613419
0.00447836,0.00874487,7.64727513169e-05,0.776983
0.052898,0.0776426,0.00602837333476,0.00216163
0.00449819,0.00866717,7.51198358089e-05,0.773793
-0.00396087,0.00738999,5.46119522001e-05,0.434641
-0.00609817,0.0072981,5.326226361e-05,0.454119
-0.00153064,0.00885223,7.83619759729e-05,0.212
-0.0613433,0.0394792,0.00155860723264,0.00838911
-0.00627489,0.00729769,5.32562793361e-05,0.454019
-0.00661288,0.00729195,5.31725348025e-05,0.454272
0.392715,0.15168,0.0230068224,0.000619963
-0.00637455,0.00731022,5.34393164484e-05,0.452238
-0.00637455,0.00731022,5.34393164484e-05,0.452238
-0.00661714,0.00729288,5.31860986944e-05,0.454351
0.0921761,0.16659,0.0277522281,0.000447531
0.00338995,0.00777915,6.05151747225e-05,0.319528
-0.00660693,0.00729245,5.31798270025e-05,0.454366
-0.0706784,0.122287,0.014954110369,0.000912522
0.00556895,0.00864094,7.46658440836e-05,0.773344
-0.00650351,0.00729428,5.32065207184e-05,0.454418
-0.00645711,0.0072943,5.320681249e-05,0.45444
-0.00645083,0.0072942,5.320535364e-05,0.454477
-0.0523737,0.0898282,0.00806910551524,0.001635
0.00273167,0.00778265,6.05696410225e-05,0.318782
0.044132,0.0848882,0.00720600649924,0.00180478
-0.00644769,0.00729452,5.32100220304e-05,0.454491
-0.00594424,0.00729628,5.32357018384e-05,0.454843
0.164834,0.163744,0.026812097536,0.000525665
-0.006106,0.0280928,0.00078920541184,0.0169706
0.00250735,0.00778545,6.06132317025e-05,0.318826
0.00515866,0.00865593,7.49251241649e-05,0.774042
-0.00578501,0.00729696,5.32456252416e-05,0.454809
-0.00578018,0.00729697,5.32457711809e-05,0.454811
-0.0954298,0.128214,0.016438829796,0.000787402
0.0459386,0.0577634,0.00333661037956,0.00399851
-0.00578018,0.00729697,5.32457711809e-05,0.454811
-0.00578018,0.00729697,5.32457711809e-05,0.454811
-0.00578018,0.00729697,5.32457711809e-05,0.454811
-0.00562646,0.00730134,5.33095657956e-05,0.45519
-0.00578018,0.00729697,5.32457711809e-05,0.454811
-0.0567462,0.054627,0.002984109129,0.00443026
-0.0583028,0.0394804,0.00155870198416,0.00838859
0.00509091,0.00865191,7.48555466481e-05,0.773731
-0.00578018,0.00729697,5.32457711809e-05,0.454811
-0.00578845,0.00729692,5.32450414864e-05,0.454809
-0.0238666,0.0672189,0.00451838051721,0.00298411
-0.00589548,0.0072972,5.324912784e-05,0.454794
-0.0675792,0.0670439,0.00449488452721,0.00291058
-0.0321242,0.0726397,0.00527652601609,0.00247801
-0.00174572,0.0088528,7.837206784e-05,0.211875
-0.0120416,0.0551367,0.00304005568689,0.00444837
0.0125561,0.0485114,0.00235335592996,0.00568787
-0.0451428,0.08489,0.0072063121,0.0018826
-0.00676461,0.0951984,0.00906273536256,0.00145057
-0.0023626,0.00886166,7.85290179556e-05,0.211664
-0.0995157,0.121016,0.014644872256,0.000882954
-0.00577569,0.00729627,5.32355559129e-05,0.454781
0.0316476,0.0132248,0.00017489533504,0.919134
0.0166073,0.0163737,0.00026809805169,0.0528026
0.0535897,0.0524082,0.00274661942724,0.00485121
0.0050911,0.00865546,7.49169878116e-05,0.774034
0.00241785,0.00778537,6.06119860369e-05,0.31881
0.0758283,0.0601677,0.00362015212329,0.00371968
-0.0835957,0.103661,0.010745602921,0.00123651
0.133476,0.0837554,0.00701496702916,0.00183156
0.00513982,0.00865534,7.49149105156e-05,0.774025
-0.00658092,0.00730814,5.34089102596e-05,0.451898
0.0166013,0.0261294,0.00068274554436,0.0197358
0.00207527,0.00778395,6.05898776025e-05,0.318909
-0.00657565,0.00730815,5.34090564225e-05,0.451899
-0.0590833,0.0395176,0.00156164070976,0.00837317
0.0441699,0.0848876,0.00720590463376,0.00180483
-0.0367185,0.0713022,0.00508400372484,0.0025145
0.0372837,0.0682211,0.00465411848521,0.00282826
-0.0162249,0.0168942,0.00028541399364,0.0486282
0.00497986,0.00865374,7.48872159876e-05,0.773797
0.0441699,0.0848876,0.00720590463376,0.00180483
0.044132,0.0848882,0.00720600649924,0.00180478
0.00246049,0.00778492,6.06049794064e-05,0.318847
-0.00653815,0.00730785,5.34046716225e-05,0.451911
0.00510988,0.00865532,7.49145643024e-05,0.774034
-0.185243,0.0756858,0.00572834032164,0.00231868
0.0248671,0.0926953,0.00859241864209,0.00146081
0.0326878,0.0132125,0.00017457015625,0.919013
0.0153571,0.0123656,0.00015290806336,0.0956186
0.00506462,0.00865132,7.48453377424e-05,0.773721
-0.163746,0.0813894,0.00662423443236,0.00197732
-0.058403,0.0731708,0.00535396597264,0.00241128
0.0188327,0.0534594,0.00285790744836,0.00467521
-0.00611399,0.00729971,5.32857660841e-05,0.453922
-0.00575397,0.00729925,5.32790505625e-05,0.454996
0.00516934,0.00865093,7.48385898649e-05,0.773673
-0.0565114,0.0486744,0.00236919721536,0.00564464
0.0051781,0.00865532,7.49145643024e-05,0.774017
-0.0531461,0.0776403,0.00602801618409,0.00213055
0.0441699,0.0848876,0.00720590463376,0.00180483
0.0022685,0.00778483,6.06035781289e-05,0.31876
-0.000856965,0.0189735,0.00035999370225,0.0402435
0.044132,0.0848882,0.00720600649924,0.00180483
-0.00636883,0.00730743,5.33985332049e-05,0.452
0.0439534,0.0539345,0.00290893029025,0.00446277
-0.123594,0.0577746,0.00333790440516,0.00408897
-0.0055548,0.00729542,5.32231529764e-05,0.454825
-0.00617945,0.00730747,5.33991178009e-05,0.45191
-0.00288603,0.00885265,7.83694120225e-05,0.211248
0.0690782,0.0450825,0.00203243180625,0.00654223
0.0023481,0.00778474,6.06021768676e-05,0.318819
-0.126843,0.0916652,0.00840250889104,0.0015466
-0.0156676,0.0555336,0.00308398072896,0.00433799
0.00805434,0.0251894,0.00063450587236,0.0213051
0.018287,0.0208737,0.00043571135169,0.0313002
-0.00619288,0.0073085,5.341417225e-05,0.451901
0.0574316,0.0467024,0.00218111416576,0.00611836
0.0574085,0.0467043,0.00218129163849,0.00611894
0.00501883,0.00865253,7.48662754009e-05,0.773765
-0.0194811,0.105082,0.011042226724,0.00114516
0.015328,0.0122012,0.00014886928144,0.0979698
0.039105,0.112255,0.012601185025,0.00105061
-0.00549117,0.00729668,5.32415390224e-05,0.454784
0.00500158,0.00865667,7.49379354889e-05,0.774092
0.00202718,0.00778964,6.06784913296e-05,0.318739
-0.023493,0.0507875,0.00257937015625,0.00514359
0.00520446,0.00865936,7.49845156096e-05,0.774166
-0.0738791,0.0372982,0.00139115572324,0.00946553
-0.00629003,0.00730216,5.33215406656e-05,0.453893
-0.0215801,0.0282568,0.00079844674624,0.0166147
0.0440906,0.0848804,0.00720468230416,0.00180494
0.0685771,0.0654411,0.00428253756921,0.00304059
0.0440528,0.084881,0.007204784161,0.00180489
-0.0222815,0.0281525,0.00079256325625,0.0167278
0.0440528,0.084881,0.007204784161,0.00180489
0.0440528,0.084881,0.007204784161,0.00180489
-0.00913192,0.0278034,0.00077302905156,0.0173286
-0.0590833,0.0395176,0.00156164070976,0.00837317
0.0440528,0.084881,0.007204784161,0.00180489
0.00652532,0.00798151,6.37045018801e-05,0.292425
-0.00653075,0.0072842,5.305956964e-05,0.472582
-0.0063812,0.0073121,5.346680641e-05,0.451969
0.00544599,0.00866026,7.50001032676e-05,0.773997
0.148333,0.105802,0.011194063204,0.00113199
-0.0806368,0.0636482,0.00405109336324,0.00329875
0.0365466,0.0193085,0.00037281817225,0.037463
-0.127355,0.108998,0.011880564004,0.00112968
0.0373962,0.0332769,0.00110735207361,0.0121203
0.146938,0.125632,0.015783399424,0.000833616
0.0451369,0.10731,0.0115154361,0.00120523
0.0807744,0.0424565,0.00180255439225,0.00737596
0.00572936,0.00866795,7.51333572025e-05,0.774738
0.00583505,0.00866835,7.51402917225e-05,0.77477
0.0614307,0.0428792,0.00183862579264,0.00725199
-0.00913192,0.0278034,0.00077302905156,0.0173286
0.0234743,0.0397389,0.00157918017321,0.00844085
0.0452277,0.0816849,0.00667242288801,0.0019597
0.0710588,0.0797376,0.00635808485376,0.00205203
-0.00938945,0.0278173,0.00077380217929,0.0173234
0.00556299,0.0260048,0.00067624962304,0.0197844
-0.00941209,0.0278169,0.00077377992561,0.0173143
-0.00616496,0.00728366,5.30517029956e-05,0.472071
-0.0730438,0.0424972,0.00180601200784,0.00730325
0.00280014,0.00790223,6.24452389729e-05,0.302327
-0.00913123,0.0278038,0.00077305129444,0.0173292
-0.000880976,0.0348228,0.00121262739984,0.0111183
-0.00414071,0.0346263,0.00119898065169,0.0112464
0.00542405,0.00797387,6.35826027769e-05,0.29347
-0.00602941,0.00731204,5.34659289616e-05,0.451687
0.121399,0.14002,0.0196056004,0.00069748
-0.0495485,0.0902976,0.00815365656576,0.00162483
0.00787443,0.0426557,0.00181950874249,0.00725063
-0.00625396,0.00728456,5.30648143936e-05,0.47211
0.117736,0.14959,0.0223771681,0.000570829
0.0497526,0.0800808,0.00641293452864,0.00211357
0.02544,0.114997,0.013224310009,0.00100551
-0.142204,0.0926461,0.00858329984521,0.00155928
0.0110247,0.0385995,0.00148992140025,0.00889377
-0.0435982,0.0564835,0.00319038577225,0.00415788
0.00576739,0.00866835,7.51402917225e-05,0.774779
-0.0442878,0.0390082,0.00152163966724,0.00859409
-0.0414522,0.0542056,0.00293824707136,0.00449877
0.0440906,0.0848804,0.00720468230416,0.00180494
0.0380297,0.0312131,0.00097425761161,0.0135827
-0.00910928,0.0278047,0.00077310134209,0.0173388
0.0528063,0.084134,0.007078529956,0.0018358
-0.0584524,0.0554398,0.00307357142404,0.0042611
-0.000993051,0.0348736,0.00121616797696,0.0110881
-0.0134005,0.010374,0.000107619876,0.142888
-0.00948277,0.0277918,0.00077238414724,0.0173542
0.00475498,0.00843551,7.11578289601e-05,0.75694
-0.0527725,0.0390484,0.00152477754256,0.00857733
-0.0535244,0.0390844,0.00152759032336,0.00856217
0.1336,0.0991717,0.00983502608089,0.00140675
-0.00948277,0.0277918,0.00077238414724,0.0173542
0.0134424,0.0951879,0.00906073630641,0.00147145
0.0710588,0.0797376,0.00635808485376,0.00205203
-0.0582292,0.0518678,0.00269026867684,0.00489092
0.0730503,0.0644313,0.00415139241969,0.00313262
-0.00948615,0.0277931,0.00077245640761,0.0173484
-0.0588372,0.0985755,0.00971712920025,0.00129778
0.069989,0.0650978,0.00423772356484,0.00307127
0.0750001,0.0659624,0.00435103821376,0.00299457
0.010702,0.0687813,0.00473086722969,0.00276456
-0.000493092,0.00975556,9.51709509136e-05,0.166604
0.0527661,0.0841365,0.00707895063225,0.00183608
-0.0063093,0.00731528,5.35133214784e-05,0.451403
0.026811,0.0137359,0.00018867494881,0.0767995
-0.0553884,0.039666,0.001573391556,0.00831149
-0.00576451,0.00731283,5.34774826089e-05,0.451921
0.00469284,0.0916706,0.00840349890436,0.00157949
-0.0240529,0.0552435,0.00305184429225,0.00444506
0.0139325,0.0568448,0.00323133128704,0.00413633
0.0407972,0.064422,0.004150194084,0.00315262
0.00279052,0.00790094,6.24248528836e-05,0.302438
0.00612391,0.00866777,7.51302367729e-05,0.774751
-0.00613216,0.00731199,5.34651977601e-05,0.451555
0.027055,0.0852586,0.00726902887396,0.00178968
0.0581182,0.0663133,0.00439745375689,0.00296388
0.0174449,0.0551311,0.00303943818721,0.00439955
0.0101961,0.112206,0.012590186436,0.00101953
0.00612391,0.00866777,7.51302367729e-05,0.774751
0.0604726,0.0609927,0.00372010945329,0.00351502
-0.00581003,0.0474766,0.00225402754756,0.00585331
-0.0534128,0.0390526,0.00152510556676,0.00859059
-0.00942653,0.0277928,0.00077243973184,0.0173473
0.00622123,0.00866838,7.51408118244e-05,0.774716
0.0181143,0.0205837,0.00042368870569,0.0321452
0.00352312,0.045096,0.002033649216,0.00663101
0.0290834,0.0852593,0.00726914823649,0.00178968
0.138059,0.0776085,0.00602307927225,0.00222648
-0.0250391,0.0482766,0.00233063010756,0.00568447
-0.0063289,0.00731313,5.34818703969e-05,0.452193
-0.00842749,0.00729894,5.32745251236e-05,0.459862
-0.00839126,0.027754,0.000770284516,0.0173845
0.0341503,0.0196566,0.00038638192356,0.0355896
-0.00805157,0.027768,0.000771061824,0.0173669
0.017594,0.0269724,0.00072751036176,0.0184961
0.00290694,0.00790195,6.24408138025e-05,0.302468
-0.00729722,0.0277437,0.00076971288969,0.0173983
-0.00570188,0.00731067,5.34458958489e-05,0.451992
-0.00727869,0.0277458,0.00076982941764,0.017402
-0.00699709,0.0277559,0.00077038998481,0.0173823
0.00550426,0.0086845,7.542054025e-05,0.775458
0.00445908,0.00844352,7.12930299904e-05,0.757122
0.00546619,0.00868355,7.54040406025e-05,0.775444
0.0756683,0.042258,0.001785738564,0.00743794
-0.0682358,0.0426282,0.00181716343524,0.0072291
0.00505186,0.00868293,7.53932733849e-05,0.775365
0.00594605,0.00795653,6.33063696409e-05,0.295744
0.00481254,0.00867445,7.52460828025e-05,0.774735
-0.00621385,0.00731031,5.34406322961e-05,0.451665
-0.00736636,0.027745,0.000769785025,0.0173983
0.00324767,0.00790016,6.24125280256e-05,0.302771
0.019473,0.0206439,0.00042617060721,0.031948
-0.00734523,0.0277452,0.00076979612304,0.0173988
-0.0580988,0.0779222,0.00607186925284,0.00217337
-0.025671,0.0170006,0.00028902040036,0.0505569
-0.0212544,0.108894,0.011857903236,0.00108162
0.0319953,0.0980043,0.00960484281849,0.00131791
-0.0839359,0.122155,0.014921844025,0.000850682
-0.00700328,0.0277323,0.00076908046329,0.0174132
0.00331587,0.00789167,6.22784553889e-05,0.304605
-0.00670255,0.0277444,0.00076975173136,0.0173972
0.00327041,0.00790173,6.24373369929e-05,0.302503
0.16012,0.0797255,0.00635615535025,0.0021011
0.00483198,0.00868706,7.54650114436e-05,0.77556
0.00542885,0.00795978,6.33580976484e-05,0.294433
-0.00740521,0.0277204,0.00076842057616,0.017427
0.053855,0.0803926,0.00646297013476,0.00211351
0.00529362,0.00867964,7.53361505296e-05,0.774961
-0.00772561,0.027708,0.000767733264,0.0174424
0.0665468,0.0665126,0.00442392595876,0.00301363
-0.00770442,0.0277082,0.00076774434724,0.0174429
-0.0035181,0.0270758,0.00073309894564,0.018285
0.00594584,0.00793477,6.29605749529e-05,0.298103
0.00447824,0.00785386,6.16831168996e-05,0.307931
0.0943175,0.0548352,0.00300689915904,0.00449284
-0.00301762,0.0941348,0.00886136057104,0.00146564
0.0164348,0.0183465,0.00033659406225,0.0415787
-0.00617269,0.0143778,0.00020672113284,0.0738452
0.0342984,0.0872381,0.00761048609161,0.00169722
-0.0429349,0.0393665,0.00154972132225,0.00843329
0.0475226,0.0485054,0.00235277382916,0.00569045
-0.0411704,0.0204292,0.00041735221264,0.033369
-0.0241629,0.108094,0.011684312836,0.00109659
-0.0292413,0.0171711,0.00029484667521,0.0494321
0.00317361,0.00853853,7.29064945609e-05,0.76392
-0.0445733,0.0461118,0.00212629809924,0.00634752
0.0184089,0.0325114,0.00105699112996,0.0125282
0.0295747,0.0893594,0.00798510236836,0.00162017
0.00295317,0.0085406,7.294184836e-05,0.764047
-0.0312371,0.0350475,0.00122832725625,0.0107225
-0.0120378,0.0564004,0.00318100512016,0.00418753
-0.00019116,0.00871183,7.58959819489e-05,0.763285
0.0411686,0.0592442,0.00350987523364,0.00368218
0.0952269,0.041959,0.001760557681,0.00770302
0.00190283,0.00924067,8.53899820489e-05,0.217684
0.0400313,0.136858,0.018730112164,0.000666315
-0.160162,0.0726741,0.00528152481081,0.00250479
-0.0124447,0.0109907,0.00012079548649,0.124233
0.0638899,0.0271306,0.00073606945636,0.0181771
-0.00109718,0.0974149,0.00948966274201,0.00135895
0.00470196,0.00739478,5.46827712484e-05,0.586507
-0.0297634,0.0110758,0.00012267334564,0.13047
-0.0819528,0.068381,0.004675961161,0.00290473
-0.00517531,0.00768464,5.90536919296e-05,0.376772
0.00732841,0.0092365,8.531293225e-05,0.809719
0.00413703,0.0388838,0.00151194990244,0.00885134
0.021259,0.0188904,0.00035684721216,0.0388577
-0.0331694,0.0472272,0.00223040841984,0.00596489
-0.0143043,0.0124305,0.00015451733025,0.0965015
-0.0068211,0.00758365,5.75117473225e-05,0.383516
-0.0481107,0.0719973,0.00518361120729,0.00255268
0.0113307,0.00751555,5.64834918025e-05,0.585063
0.0648553,0.0810262,0.00656524508644,0.00202586
0.0112056,0.00750463,5.63194714369e-05,0.58576
-0.00661199,0.00925629,8.56789045641e-05,0.19249
0.0454456,0.0803467,0.00645559220089,0.002064
-0.00618309,0.00751334,5.64502779556e-05,0.390787
0.0104172,0.00748631,5.60448374161e-05,0.587986
-0.00676693,0.0074943,5.616453249e-05,0.390844
-0.00714543,0.00920618,8.47537501924e-05,0.194454
-0.00692347,0.00747703,5.59059776209e-05,0.390086
0.00376356,0.043283,0.001873418089,0.00718292
0.0323377,0.0257714,0.00066416505796,0.020599
0.00309934,0.0523264,0.00273805213696,0.00486189
-0.00579434,0.00744648,5.54500643904e-05,0.392233
-0.00680755,0.00918034,8.42786425156e-05,0.194876
-0.0418934,0.0676189,0.00457231563721,0.00293373
-0.00613395,0.00745578,5.55886554084e-05,0.391794
-0.00612455,0.0074559,5.559044481e-05,0.39179
-0.0350193,0.0455958,0.00207897697764,0.00638522
-0.00598439,0.0091514,8.374812196e-05,0.195731
-0.00636357,0.00915729,8.38559601441e-05,0.195399
0.0272322,0.0991844,0.00983754520336,0.00140462
0.109387,0.0889801,0.00791745819601,0.00165271
0.0230415,0.019139,0.000366301321,0.037864
-0.00654167,0.00915147,8.37494031609e-05,0.195674
-0.00643348,0.00915111,8.37428142321e-05,0.195678
0.0102298,0.0074178,5.502375684e-05,0.587948
-0.0539552,0.0482347,0.00232658628409,0.0057256
-0.0783147,0.0730266,0.00533288430756,0.00239738
-0.00627357,0.00745405,5.55628614025e-05,0.391913
-0.00627357,0.00745405,5.55628614025e-05,0.391913
-0.00574115,0.00915705,8.38515647025e-05,0.195313
-0.00634171,0.00745446,5.55689738916e-05,0.391894
-0.0395717,0.083421,0.006959063241,0.00194661
-0.0498817,0.0746444,0.00557178645136,0.00236761
-0.0584157,0.0522935,0.00273461014225,0.00480248
-0.0061288,0.00745306,5.55481033636e-05,0.391975
-0.015207,0.111404,0.012410851216,0.00106462
-0.105331,0.0830785,0.00690203716225,0.00195071
0.00922094,0.00741784,5.50243502656e-05,0.58877
0.0361466,0.0165734,0.00027467758756,0.0502297
-0.00618872,0.00745365,5.55568983225e-05,0.391944
-0.00445796,0.00913342,8.34193608964e-05,0.196417
-0.00619852,0.00745383,5.55595816689e-05,0.391934
0.0110095,0.00742299,5.51007805401e-05,0.586796
-0.00646452,0.00745618,5.55946201924e-05,0.391152
0.00297245,0.0132174,0.00017469966276,0.0819586
0.00174658,0.0336881,0.00113488808161,0.0117429
-0.0250937,0.0903026,0.00815455956676,0.00156274
-0.00641902,0.00745616,5.55943219456e-05,0.391191
-0.00638326,0.00745601,5.55920851201e-05,0.391186
-0.00227015,0.035879,0.001287302641,0.0106416
0.0091864,0.00741635,5.50022473225e-05,0.58807
0.00289636,0.0130685,0.00017078569225,0.0843129
0.0242818,0.0641003,0.00410884846009,0.00318432
-0.00618179,0.0074568,5.560386624e-05,0.391142
0.0080496,0.0256764,0.00065927751696,0.0206076
0.0420524,0.0717515,0.00514827775225,0.00254779
-0.05149,0.163837,0.026842562569,0.000462863
-0.00615352,0.00755462,5.70722833444e-05,0.389721
0.0846936,0.0767915,0.00589693447225,0.00229995
-0.00605878,0.00755688,5.71064353344e-05,0.389781
-0.0596414,0.0510362,0.00260469371044,0.00500108
0.0497723,0.0692096,0.00478996873216,0.0027498
-0.00663968,0.00929328,8.63650531584e-05,0.192455
0.105784,0.130864,0.017125386496,0.000772989
-0.0202727,0.026739,0.000714974121,0.0190455
0.0130699,0.036746,0.001350268516,0.00994494
-0.00813605,0.00772247,5.96365429009e-05,0.373309
-0.00677919,0.00933305,8.71058223025e-05,0.19184
0.0392696,0.113103,0.012792288609,0.00106623
-0.00582034,0.00951803,9.05928950809e-05,0.182664
0.0521022,0.115888,0.013430028544,0.000989181
0.010884,0.0101811,0.00010365479721,0.839274
0.040434,0.0214136,0.00045854226496,0.0298169
0.153633,0.0647973,0.00419869008729,0.00309554
0.00192755,0.00847797,7.18759753209e-05,0.248766
-0.00974113,0.00737552,5.43982952704e-05,0.462682
-0.0184695,0.00897567,8.05626519489e-05,0.207918
-0.0202098,0.0172324,0.00029695560976,0.0464216
-0.0631393,0.044542,0.001983989764,0.00672646
0.00297493,0.00844542,7.13251189764e-05,0.250252
0.0830612,0.0941734,0.00886862926756,0.00142006
0.00328489,0.00844944,7.13930363136e-05,0.249945
-0.00835633,0.0073438,5.393139844e-05,0.464829
-0.0162143,0.00888052,7.88636354704e-05,0.211116
-0.0164533,0.00887912,7.88387719744e-05,0.211154
-0.0538535,0.0619569,0.00383865745761,0.00352734
-0.0164793,0.00887813,7.88211922969e-05,0.211163
0.00248633,0.00843277,7.11116098729e-05,0.25022
-0.0150604,0.00886026,7.85042072676e-05,0.212019
0.0212628,0.0197297,0.00038926106209,0.0355803
0.0277508,0.012983,0.000168558289,0.0876825
-0.00836416,0.00733858,5.38547564164e-05,0.464611
-0.00847202,0.00733853,5.38540225609e-05,0.46461
0.00419918,0.0672289,0.00451972499521,0.00288488
-0.00832897,0.00734073,5.38863169329e-05,0.464713
0.00188165,0.00843309,7.11170069481e-05,0.250149
-0.0155204,0.00893424,7.98206443776e-05,0.208959
-0.00054823,0.013214,0.000174609796,0.0834671
-0.00830435,0.00734199,5.39048171601e-05,0.464572
-0.00838646,0.00735751,5.41329534001e-05,0.463504
-0.0364085,0.0297744,0.00088651489536,0.0151646
0.0116844,0.0694088,0.00481758151744,0.00279599
-0.00831375,0.00732272,5.36222281984e-05,0.472227
0.0300145,0.0898518,0.00807334596324,0.00163858
-0.00860283,0.0073144,5.350044736e-05,0.472323
-0.0653826,0.0435603,0.00189749973609,0.0070355
0.00945729,0.0185528,0.00034420638784,0.0399001
-0.00872223,0.00731378,5.34913778884e-05,0.472362
-0.008462,0.0073123,5.346973129e-05,0.473382
-0.00870813,0.00731544,5.35156623936e-05,0.472268
-0.00847454,0.00731559,5.35178570481e-05,0.472316
-0.0083824,0.00731096,5.34501361216e-05,0.472466
0.0406369,0.0738967,0.00546072227089,0.00243918
0.00779199,0.00736576,5.42544203776e-05,0.470656
-0.00875502,0.0073065,5.338494225e-05,0.472869
-0.00493979,0.00844625,7.13391390625e-05,0.257507
-0.00485843,0.00735764,5.41348663696e-05,0.444161
-0.0284326,0.0222598,0.00049549869604,0.0271525
0.0138553,0.0921883,0.00849868265689,0.00156071
0.105378,0.0762437,0.00581310178969,0.00233061
-0.00827682,0.00729282,5.31852235524e-05,0.473725
-0.00812878,0.00729263,5.31824523169e-05,0.473926
-0.0148129,0.0426561,0.00181954286721,0.00716105
0.00644126,0.0596195,0.00355448478025,0.00369717
-0.0789657,0.0657864,0.00432785042496,0.00308853
0.10123,0.0754347,0.00569039396409,0.00237654
-0.00916073,0.00729081,5.31559104561e-05,0.472971
-0.00840928,0.00729348,5.31948505104e-05,0.473445
-0.00883168,0.00728424,5.30601523776e-05,0.472827
-0.00798722,0.00727766,5.29643350756e-05,0.473779
-0.0380089,0.0226401,0.00051257412801,0.0262987
-0.0450946,0.0297962,0.00088781353444,0.0151585
-0.00508035,0.00730956,5.34296673936e-05,0.446635
-0.00863589,0.0072577,5.267420929e-05,0.473359
-0.0100046,0.0542216,0.00293998190656,0.00457666
-0.0345525,0.0224471,0.00050387229841,0.0267337
-0.0046582,0.00730133,5.33094197689e-05,0.445378
-0.00813213,0.00726356,5.27593038736e-05,0.472634
-0.0201795,0.107315,0.011516509225,0.00114473
-0.00821955,0.00726283,5.27486996089e-05,0.472826
-0.00810267,0.0072637,5.276133769e-05,0.472572
-0.0104975,0.0476509,0.00227060827081,0.0058203
-0.00875281,0.00726419,5.27684563561e-05,0.472138
-0.00497065,0.00730375,5.33447640625e-05,0.445475
0.0120008,0.118889,0.014134594321,0.000958654
-0.0357073,0.0224643,0.00050464477449,0.0267045
0.00290325,0.0227735,0.00051863230225,0.0265836
0.000447568,0.0101733,0.00010349603289,0.151457
-0.00819123,0.00726243,5.27428895049e-05,0.472944
-0.00348497,0.0392054,0.00153706338916,0.00888688
-0.0050004,0.00730429,5.33526524041e-05,0.445605
-0.0522184,0.0917104,0.00841079746816,0.00157714
-0.00777599,0.00726638,5.28002783044e-05,0.472885
0.0369611,0.0205602,0.00042272182404,0.0322765
0.0094114,0.00750019,5.62528500361e-05,0.629598
0.00932867,0.00749969,5.62453500961e-05,0.629631
0.0455443,0.0506553,0.00256595941809,0.00510252
-0.0353385,0.0225615,0.00050902128225,0.0265098
-0.00597696,0.0160032,0.00025610241024,0.0549541
-0.0347191,0.0225675,0.00050929205625,0.0264944
0.00239135,0.0101564,0.00010315246096,0.152378
0.00936311,0.00750025,5.62537500625e-05,0.629634
-0.0338108,0.0225962,0.00051058825444,0.0264433
0.00950833,0.00752118,5.65681485924e-05,0.628774
-0.0396332,0.0344248,0.00118506685504,0.0113175
0.0416635,0.0199872,0.00039948816384,0.0339182
0.00471448,0.0776601,0.00603109113201,0.00214964
0.0238383,0.0898494,0.00807291468036,0.00165368
-0.011861,0.0400583,0.00160466739889,0.00815927
0.00942378,0.00750495,5.63242745025e-05,0.630945
-0.0334141,0.0226045,0.00051096342025,0.0264409
-0.0151373,0.105067,0.011039074489,0.00118842
0.0607727,0.0314757,0.00099071969049,0.0137177
0.00929684,0.00754951,5.69951012401e-05,0.631449
0.00958818,0.00755839,5.71292593921e-05,0.631268
-0.0884262,0.0860943,0.00741222849249,0.00176301
-0.0349965,0.0226152,0.00051144727104,0.0264076
0.0925852,0.0648944,0.00421128315136,0.00316867
0.00856006,0.00758319,5.75047705761e-05,0.633091
-0.0425639,0.0456429,0.00208327432041,0.0063982
0.0133364,0.0724506,0.00524908944036,0.00251551
-0.00555931,0.00735047,5.40294092209e-05,0.431219
-0.000216214,0.0073052,5.336594704e-05,0.46645
-0.00572224,0.0073509,5.403573081e-05,0.431219
-0.00294933,0.00727231,5.28864927361e-05,0.493359
-0.0579315,0.0615413,0.00378733160569,0.00355406
-0.0242721,0.0223781,0.00050077935961,0.0268416
-0.0242721,0.0223781,0.00050077935961,0.0268416
0.038583,0.0198037,0.00039218653369,0.0348676
0.00262214,0.0207011,0.00042853554121,0.967719
-0.00301192,0.00726709,5.28105970681e-05,0.49369
0.0779857,0.103011,0.010611266121,0.00123499
0.038583,0.0198037,0.00039218653369,0.0348676
-0.0292768,0.0838568,0.00703196290624,0.00193187
-0.00700267,0.0402104,0.00161687626816,0.00841981
-0.00309854,0.00726505,5.27809515025e-05,0.493815
0.038583,0.0198037,0.00039218653369,0.0348676
-0.00309459,0.00726527,5.27841481729e-05,0.49383
0.00244311,0.00775981,6.02146512361e-05,0.669087
-0.081316,0.0572029,0.00327217176841,0.00412143
-0.112601,0.0432679,0.00187211117041,0.00708246
-0.181462,0.0729064,0.00531534316096,0.00242344
0.038583,0.0198037,0.00039218653369,0.0348676
-0.0128695,0.0545152,0.00297190703104,0.00447863
-0.0247241,0.0224223,0.00050275953729,0.026737
-0.00300648,0.00726506,5.27810968036e-05,0.493846
-0.00645914,0.0253864,0.00064446930496,0.0209759
0.0504969,0.103693,0.010752238249,0.0011911
-0.000374249,0.00729874,5.32716055876e-05,0.466959
-0.0242721,0.0223781,0.00050077935961,0.0268416
0.0324019,0.0192594,0.00037092448836,0.0372605
-0.0292885,0.0664825,0.00441992280625,0.00296543
-0.00590022,0.00734267,5.39148027289e-05,0.431799
-0.0242721,0.0223781,0.00050077935961,0.0268416
-0.00564658,0.00734545,5.39556357025e-05,0.431675
0.0295564,0.0194741,0.00037924057081,0.0364221
-0.0678893,0.095265,0.009075420225,0.00145484
0.0380039,0.0196025,0.00038425800625,0.0356304
-0.00043576,0.00729783,5.32583227089e-05,0.467007
-0.00413552,0.0170145,0.00028949321025,0.0490376
0.0272734,0.0448476,0.00201130722576,0.00659439
-0.0242721,0.0223781,0.00050077935961,0.0268416
-0.0593443,0.0968535,0.00938060046225,0.00137418
-0.00589543,0.00734236,5.39102503696e-05,0.431814
-0.00313998,0.00726606,5.27956279236e-05,0.493753
-0.0444231,0.0460094,0.00211686488836,0.0063348
-0.000383796,0.00729974,5.32862040676e-05,0.466831
-0.0247241,0.0224223,0.00050275953729,0.026737
-0.000490717,0.0072976,5.325496576e-05,0.466993
0.0385379,0.0198038,0.00039219049444,0.0348676
-0.0247241,0.0224223,0.00050275953729,0.026737
0.00269162,0.00775291,6.01076134681e-05,0.667392
0.0385379,0.0198038,0.00039219049444,0.0348676
-0.00519121,0.114053,0.013008086809,0.0010038
-0.0193929,0.0217933,0.00047494792489,0.028483
-0.0247241,0.0224223,0.00050275953729,0.026737
0.0385379,0.0198038,0.00039219049444,0.0348676
-0.0251611,0.0223904,0.00050133001216,0.0268108
-0.0598581,0.0979873,0.00960151096129,0.0013579
-0.116636,0.0430306,0.00185163253636,0.0071757
-0.0167718,0.0921958,0.00850006553764,0.00159319
-0.00289228,0.0072639,5.276424321e-05,0.49371
0.0974354,0.126974,0.016122396676,0.000867437
-0.00298677,0.00726465,5.27751396225e-05,0.493678
-0.0234604,0.022346,0.000499343716,0.0268879
-0.0129199,0.0830778,0.00690192085284,0.00189815
-0.0247241,0.0224223,0.00050275953729,0.026737
-0.0194381,0.205876,0.042384927376,0.000294619
-0.0247241,0.0224223,0.00050275953729,0.026737
-0.0256092,0.0224725,0.00050501325625,0.0266185
-0.00571234,0.00734286,5.39175929796e-05,0.431584
0.0391405,0.0197876,0.00039154911376,0.0349347
-0.00571234,0.00734286,5.39175929796e-05,0.431584
0.00267897,0.00775202,6.00938140804e-05,0.66711
-0.00595544,0.00734504,5.39496126016e-05,0.431569
-0.0247241,0.0224223,0.00050275953729,0.026737
-0.0939759,0.0547265,0.00299498980225,0.00442478
-0.0255728,0.0224279,0.00050301069841,0.0267224
0.0533227,0.0757166,0.00573300351556,0.00236206
0.00399327,0.00980579,9.61535175241e-05,0.169445
-0.0265023,0.0224399,0.00050354911201,0.0266932
-0.0262455,0.0224156,0.00050245912336,0.0267524
0.0395423,0.0197928,0.00039175493184,0.0349193
-0.0262455,0.0224156,0.00050245912336,0.0267524
-0.0262772,0.0224722,0.00050499977284,0.0266185
-0.106319,0.0427355,0.00182632296025,0.00723743
0.0104531,0.0150444,0.00022633397136,0.0616762
0.0711012,0.0841406,0.00707964056836,0.00193229
-0.00306769,0.00726671,5.28050742241e-05,0.493644
0.00408408,0.00981808,9.63946948864e-05,0.169202
-0.0549296,0.0374016,0.00139887968256,0.00944799
-0.059607,0.0374651,0.00140363371801,0.0094173
0.291715,0.172661,0.029811820921,0.00046398
0.0204892,0.0267055,0.00071318373025,0.0187629
0.014079,0.0820301,0.00672893730601,0.00198382
-0.00560798,0.00734816,5.39954553856e-05,0.431596
-0.00533087,0.00735161,5.40461695921e-05,0.431342
-0.00490524,0.00799468,6.39149083024e-05,0.324864
0.00148205,0.0178737,0.00031946915169,0.0427535
0.0208056,0.0524892,0.00275511611664,0.00482104
0.0391278,0.0849453,0.00721570399209,0.00179411
0.00348256,0.00986528,9.73237494784e-05,0.168169
-0.000523427,0.0101554,0.00010313214916,0.158253
-0.097834,0.0416023,0.00173075136529,0.00763159
0.00224666,0.0363795,0.00132346802025,0.0101292
0.00240095,0.00783248,6.13477429504e-05,0.668939
0.0855344,0.0824062,0.00679078179844,0.00199431
0.00148457,0.0178734,0.00031945842756,0.0427522
-0.00453075,0.00744726,5.54616815076e-05,0.430115
-0.00572191,0.0191137,0.00036533352769,0.0379769
0.00188763,0.00764964,5.85169921296e-05,0.625576
0.0186342,0.0271934,0.00073948100356,0.0181075
-0.00534932,0.008855,7.8411025e-05,0.236405
0.0158262,0.0157302,0.00024743919204,0.0564638
0.0180922,0.0156852,0.00024602549904,0.0567975
0.072725,0.0810438,0.00656809751844,0.00201413
-0.0036093,0.0074617,5.567696689e-05,0.625852
0.0801294,0.172637,0.029803533769,0.000416667
0.0186125,0.0374632,0.00140349135424,0.0093275
-0.0134504,0.00748862,5.60794295044e-05,0.492593
0.00909008,0.00769442,5.92040991364e-05,0.64682
-0.00701145,0.0241719,0.00058428074961,0.0232722
-0.0344268,0.0275669,0.00075993397561,0.0173526
0.00882677,0.00990866,9.81815429956e-05,0.161809
-0.0999188,0.0691813,0.00478605226969,0.00287783
-0.00660149,0.0241494,0.00058319352036,0.0233289
-0.0502644,0.0820476,0.00673180866576,0.00197641
-0.00821764,0.0407133,0.00165757279689,0.00809923
0.00932799,0.00988449,9.77031425601e-05,0.162324
0.00521122,0.00739405,5.46719754025e-05,0.594304
0.004719,0.00739081,5.46240724561e-05,0.593958
0.0159541,0.0980326,0.00961039066276,0.00135857
0.00929678,0.00986286,9.72760073796e-05,0.162948
-0.1682,0.0636547,0.00405192083209,0.00327905
0.00787556,0.0098375,9.677640625e-05,0.16357
-0.0315488,0.03124,0.0009759376,0.0133562
0.00836734,0.00740146,5.47816101316e-05,0.608646
0.0325042,0.0581129,0.00337710914641,0.00396495
0.0978437,0.0776403,0.00602801618409,0.00217902
-0.0101559,0.0518628,0.00268975002384,0.00509272
-0.0105554,0.00734277,5.39162712729e-05,0.426336
0.00553227,0.00735637,5.41161795769e-05,0.59107
-0.0306073,0.0271341,0.00073625938281,0.017915
-0.0892009,0.0677929,0.00459587729041,0.00303237
0.0676171,0.0729106,0.00531595559236,0.00250379
0.0420618,0.0502573,0.00252579620329,0.00528459
0.157818,0.113111,0.012794098321,0.00106521
-0.00127526,0.0876602,0.00768431066404,0.00171561
-0.0141399,0.041219,0.001699005961,0.00788955
0.00582687,0.00736969,5.43123306961e-05,0.591015
-0.00517219,0.0310431,0.00096367405761,0.0139303
0.0501799,0.0622842,0.00387932156964,0.00343781
0.00198913,0.080415,0.006466572225,0.00200989
0.00815952,0.00981146,9.62647473316e-05,0.163789
-0.0107727,0.00733916,5.38632695056e-05,0.430281
-0.0608403,0.0480172,0.00230565149584,0.00585411
0.0837949,0.122155,0.014921844025,0.000896057
0.0433007,0.0221651,0.00049129165801,0.0273574
0.00650218,0.00737836,5.44401962896e-05,0.59443
0.0395888,0.0375211,0.00140783294521,0.00934885
-0.125174,0.0762472,0.00581363550784,0.00228847
0.159181,0.179513,0.032224917169,0.000402576
0.00137855,0.0134697,0.00018143281809,0.0803956
0.0135699,0.00950818,9.04054869124e-05,0.177878
-0.0688461,0.0496966,0.00246975205156,0.00535825
0.00789958,0.0098128,9.629104384e-05,0.163401
-0.0100054,0.0073331,5.377435561e-05,0.430051
0.0105242,0.0583655,0.00340653159025,0.00374996
0.00547135,0.007364,5.4228496e-05,0.590773
0.00625383,0.00737338,5.43667326244e-05,0.593351
0.00555165,0.00736567,5.42530945489e-05,0.590119
-0.0250433,0.0379495,0.00144016455025,0.00926847
0.00537784,0.0073628,5.421082384e-05,0.590368
0.0836333,0.0817381,0.00668111699161,0.00202592
0.00562733,0.00736113,5.41862348769e-05,0.590738
0.0419003,0.102301,0.010465494601,0.00128237
-0.0159554,0.00917778,8.42316457284e-05,0.192902
0.0202881,0.029016,0.000841928256,0.0157411
-0.0344295,0.064583,0.004170963889,0.0030725
0.0211321,0.0127861,0.00016348435321,0.0893627
0.0607896,0.0585851,0.00343221394201,0.00393012
0.00542167,0.00736285,5.42115601225e-05,0.590895
-0.0165081,0.0646213,0.00417591241369,0.00323429
0.00850812,0.0098061,9.615959721e-05,0.163665
0.00816721,0.00988644,9.77416958736e-05,0.159739
0.00829308,0.00980454,9.61290046116e-05,0.163803
-0.0288424,0.0274117,0.00075140129689,0.0175441
0.00602994,0.00737023,5.43202902529e-05,0.594076
0.128745,0.113098,0.012791157604,0.00109911
0.00598124,0.00737126,5.43354739876e-05,0.594045
0.00120904,0.00858752,7.37454997504e-05,0.233378
0.00821788,0.00980406,9.61195924836e-05,0.163788
0.00526875,0.00736416,5.42308525056e-05,0.591028
-0.0291701,0.0274459,0.00075327742681,0.0174973
0.00589121,0.00737098,5.43313461604e-05,0.59407
0.0086505,0.00980569,9.61515563761e-05,0.163593
-0.0135211,0.0281309,0.00079134753481,0.0170691
0.00543475,0.00736056,5.41778435136e-05,0.590386
0.0190992,0.0926378,0.00858176198884,0.00154288
0.00866281,0.00980818,9.62003949124e-05,0.163521
0.00852149,0.00980799,9.61966678401e-05,0.163537
0.00433939,0.0181281,0.00032862800961,0.0418427
0.0086005,0.00980814,9.61996102596e-05,0.163521
0.00848778,0.00980754,9.61878408516e-05,0.163547
0.0086005,0.00980814,9.61996102596e-05,0.163521
0.00861732,0.00980359,9.61103768881e-05,0.163675
0.00553533,0.00736575,5.42542730625e-05,0.591088
-0.00981142,0.00733844,5.38527016336e-05,0.426882
0.0171054,0.0569559,0.00324397454481,0.00411707
0.0273617,0.106645,0.011373156025,0.00111193
0.0195937,0.0178915,0.00032010577225,0.0430871
0.0176426,0.0268482,0.00072082584324,0.981245
-0.0103691,0.00733333,5.37777288889e-05,0.42996
-0.0987713,0.0642694,0.00413055577636,0.00313572
0.0826708,0.063621,0.004047631641,0.00342265
-0.0138454,0.0247319,0.00061166687761,0.0226323
0.037409,0.103668,0.010747054224,0.00126747
0.00708131,0.0233446,0.00054497034916,0.02512
0.00549936,0.00736588,5.42561881744e-05,0.591051
-0.00966985,0.00733785,5.38440426225e-05,0.426878
0.0628699,0.0968461,0.00937916708521,0.00136227
0.0113031,0.0191261,0.00036580770121,0.961727
-0.0103997,0.00733275,5.37692225625e-05,0.430026
0.00610704,0.00737218,5.43490379524e-05,0.594187
-0.0102709,0.00733321,5.37759689041e-05,0.430002
-0.00434272,0.0437645,0.00191533146025,0.0069982
0.0118014,0.0262242,0.00068770866564,0.0195338
-0.0102431,0.00733311,5.37745022721e-05,0.430126
-0.0102431,0.00733311,5.37745022721e-05,0.430126
0.00868108,0.00741305,5.49533103025e-05,0.611915
-0.0295709,0.028251,0.000798119001,0.0165242
-0.0101166,0.0073377,5.384184129e-05,0.427867
0.00783419,0.00739719,5.47184198961e-05,0.606634
0.0406937,0.0385948,0.00148955858704,0.00916519
-0.0324913,0.0274007,0.00075079836049,0.0175536
0.075148,0.0677971,0.00459644676841,0.00297692
0.056597,0.0729084,0.00531563479056,0.00251598
-0.0958521,0.0931529,0.00867746277841,0.00146691
0.0231032,0.0580292,0.00336738805264,0.00398734
0.0302969,0.0297968,0.00088784929024,0.0150985
0.00894564,0.00980968,9.62298217024e-05,0.163597
0.00315061,0.0183004,0.00033490464016,0.0410879
-0.153602,0.105122,0.011050634884,0.00125042
0.00869632,0.00980852,9.62070645904e-05,0.163592
0.00533548,0.00736154,5.41922711716e-05,0.591768
0.0054264,0.00736089,5.41827015921e-05,0.591723
-0.0230134,0.0979871,0.00960147176641,0.00136017
-0.00652582,0.0852658,0.00727025664964,0.00182821
0.0123895,0.0299635,0.00089781133225,0.0148321
0.0089575,0.00981062,9.62482647844e-05,0.163566
-0.0411958,0.11889,0.0141348321,0.000972823
-0.0102941,0.00733136,5.37488394496e-05,0.427932
0.00910656,0.00979257,9.58944272049e-05,0.16452
-0.0352166,0.0650665,0.00423364942225,0.00318353
0.00849864,0.0816756,0.00667090363536,0.00190044
-0.0156862,0.0381952,0.00145887330304,0.00908247
-0.0104489,0.00732874,5.37104299876e-05,0.428181
0.00887737,0.0270937,0.00073406857969,0.0183127
-0.0102942,0.00733075,5.37398955625e-05,0.428047
-0.0105831,0.00732806,5.37004633636e-05,0.428217
-0.0105831,0.00732806,5.37004633636e-05,0.428217
-0.0105831,0.00732806,5.37004633636e-05,0.428217
-0.0105831,0.00732806,5.37004633636e-05,0.428232
0.00810795,0.00739916,5.47475687056e-05,0.609677
0.0413805,0.0216898,0.00047044742404,0.0284177
-0.00818703,0.0456321,0.00208228855041,0.00630466
-0.0106318,0.00732771,5.36953338441e-05,0.42821
-0.0106318,0.00732771,5.36953338441e-05,0.42821
-0.0106318,0.00732771,5.36953338441e-05,0.42821
-0.0106318,0.00732771,5.36953338441e-05,0.42821
-0.0381635,0.0313072,0.00098014077184,0.0132724
-0.0106908,0.0073294,5.372010436e-05,0.42834
-0.0105512,0.00732801,5.36997305601e-05,0.428192
0.0595296,0.116895,0.013664441025,0.000957677
-0.0109397,0.00735356,5.40748446736e-05,0.42598
0.0108358,0.00745708,5.56080421264e-05,0.616265
-0.0103058,0.00734016,5.38779488256e-05,0.426979
-0.0104111,0.00733707,5.38325961849e-05,0.427171
0.0258747,0.0577995,0.00334078220025,0.00401899
0.0468913,0.0313364,0.00098196996496,0.0135784
-0.0106318,0.00732771,5.36953338441e-05,0.42821
-0.0280377,0.0540423,0.00292057018929,0.00457312
-0.0106318,0.00732771,5.36953338441e-05,0.42821
-0.0106318,0.00732771,5.36953338441e-05,0.42821
0.0278387,0.0178839,0.00031983387921,0.0430457
0.0081715,0.00739875,5.47415015625e-05,0.609599
-0.0105695,0.00732789,5.36979718521e-05,0.428226
0.039485,0.0941612,0.00886633158544,0.00149654
-0.00922047,0.00739039,5.46178643521e-05,0.407857
-0.0162695,0.00918073,8.42858033329e-05,0.194203
-0.0346485,0.0433629,0.00188034109641,0.00702765
0.00461035,0.00732942,5.37203975364e-05,0.571925
-0.00958489,0.0073969,5.471412961e-05,0.407603
0.00482928,0.00733363,5.37821289769e-05,0.572078
-0.0355622,0.0274588,0.00075398569744,0.0174727
0.00486284,0.00733309,5.37742089481e-05,0.572058
-0.097883,0.0426633,0.00182015716689,0.00729564
-0.0457839,0.0516776,0.00267057434176,0.00494313
0.00482853,0.00733351,5.37803689201e-05,0.572076
-0.00993719,0.00739296,5.46558575616e-05,0.407831
-0.00988377,0.00739357,5.46648773449e-05,0.407804
-0.0425496,0.031342,0.000982320964,0.0132424
-0.00963226,0.00739697,5.47151651809e-05,0.407695
-0.00988278,0.00739344,5.46629550336e-05,0.407807
-0.0323352,0.031176,0.000971942976,0.0139681
0.00832164,0.00983227,9.66735333529e-05,0.163267
-0.00973853,0.00739513,5.46879477169e-05,0.407632
-0.00983372,0.00739271,5.46521611441e-05,0.407731
-0.00982336,0.00739278,5.46531961284e-05,0.407704
0.0257756,0.0140743,0.00019808592049,0.0725078
0.0596209,0.0921778,0.00849674681284,0.00155869
0.021419,0.0265382,0.00070427605924,0.980855
0.0357969,0.0573091,0.00328433294281,0.00401967
0.133783,0.0788232,0.00621309685824,0.00207302
0.00715594,0.0098344,9.671542336e-05,0.163203
0.00527177,0.00733441,5.37935700481e-05,0.572124
0.00525841,0.0205936,0.00042409636096,0.0327446
-0.0880807,0.0549282,0.00301710715524,0.00432459
-0.00365889,0.00949984,9.02469600256e-05,0.823271
0.000865325,0.00892181,7.95986936761e-05,0.213285
0.0147062,0.0564025,0.00318124200625,0.00422722
-0.00967816,0.00740432,5.48239546624e-05,0.406408
0.00698673,0.00983335,9.66947722225e-05,0.163361
-0.0098086,0.00740573,5.48448368329e-05,0.406354
-0.0788048,0.0762732,0.00581760103824,0.00234901
-0.00957513,0.0215905,0.00046614969025,0.0293716
-0.00973694,0.0074401,5.535508801e-05,0.405878
0.0783868,0.0639531,0.00408999899961,0.00322531
0.0416321,0.0217215,0.00047182356225,0.0283371
0.0085644,0.00994041,9.88117509681e-05,0.160877
0.0157018,0.0316572,0.00100217831184,0.0132617
-0.0123363,0.00743528,5.52833886784e-05,0.422463
-0.0361061,0.0288841,0.00083429123281,0.0158394
-0.0298221,0.0868545,0.00754370417025,0.00174383
0.0596653,0.0349856,0.00122399220736,0.0109554
0.0568219,0.071765,0.005150215225,0.00254622
0.0580855,0.0271455,0.00073687817025,0.0182696
-0.00489977,0.0681843,0.00464909876649,0.00281943
0.0182955,0.0208561,0.00043497690721,0.0313743
0.0428195,0.0552326,0.00305064010276,0.00435225
-0.00765575,0.0213478,0.00045572856484,0.0298172
0.0109756,0.0115885,0.00013429333225,0.886845
-0.0242209,0.0206974,0.00042838236676,0.0313709
0.0059455,0.00753641,5.67974756881e-05,0.40179
-0.017894,0.0131443,0.00017277262249,0.0846059
0.00652249,0.00753216,5.67334342656e-05,0.402285
0.00366661,0.00743443,5.52707494249e-05,0.434901
-0.074159,0.0685641,0.00470103580881,0.00293981
0.00197828,0.00743969,5.53489872961e-05,0.420057
-0.0180127,0.0204332,0.00041751566224,0.0320894
-0.0771384,0.0478703,0.00229156562209,0.00574837
0.0294219,0.0223784,0.00050079278656,0.0267954
0.00364005,0.00734942,5.40139743364e-05,0.437031
0.00192681,0.00737622,5.44086214884e-05,0.421351
0.0288573,0.0306246,0.00093786612516,0.0143415
-0.0180903,0.0204345,0.00041756879025,0.0320884
0.00679838,0.00743373,5.52603417129e-05,0.403885
-0.0857605,0.121049,0.014652860401,0.000879575
-0.0149589,0.0203902,0.00041576025604,0.0322839
-0.00523045,0.0461536,0.00213015479296,0.00609074
-0.0228745,0.0195254,0.00038124124516,0.0353833
-0.0182658,0.0187209,0.00035047209681,0.0383867
-0.0180051,0.0187112,0.00035010900544,0.0384509
-0.0935682,0.0548305,0.00300638373025,0.0043571
0.00975373,0.00743281,5.52466644961e-05,0.395079
-0.0536632,0.0689628,0.00475586778384,0.00280821
-0.0173992,0.0186852,0.00034913669904,0.0385756
0.0114702,0.0262975,0.00069155850625,0.0193488
-0.148661,0.088066,0.007755620356,0.00174528
-0.0591068,0.0610954,0.00373264790116,0.00348862
0.00519439,0.0073073,5.339663329e-05,0.43804
-0.0174171,0.0283062,0.00080124095844,0.0168175
0.0104569,0.00890476,7.92947506576e-05,0.213961
-0.0166667,0.0187252,0.00035063311504,0.0383748
0.00850385,0.00741218,5.49404123524e-05,0.398788
0.00491151,0.00730401,5.33485620801e-05,0.438067
0.00482535,0.00730499,5.33628789001e-05,0.438048
-0.0295576,0.0672292,0.00451976533264,0.00295346
-0.085726,0.121053,0.014653828809,0.000879575
0.0431386,0.0382592,0.00146376638464,0.00910159
0.00511511,0.0073057,5.337325249e-05,0.437998
0.00511161,0.00730562,5.33720835844e-05,0.437999
-0.0376273,0.0588249,0.00346036886001,0.0037813
-0.0202087,0.0180823,0.00032696957329,0.0413923
-0.020175,0.0180825,0.00032697680625,0.0413936
-0.016529,0.018733,0.000350925289,0.0383487
0.00532733,0.00730711,5.33938565521e-05,0.43713
0.196431,0.126911,0.016106401921,0.000834415
0.0052841,0.00730643,5.33839193449e-05,0.437105
-0.059804,0.0666731,0.00444530226361,0.00299355
-0.0597841,0.066673,0.004445288929,0.00299364
0.0431267,0.0520331,0.00270744349561,0.00486171
-0.017145,0.01874,0.0003511876,0.0383178
-0.00121973,0.011385,0.000129618225,0.118793
-0.0175611,0.0187365,0.00035105643225,0.038332
-0.0210204,0.0180945,0.00032741093025,0.041333
0.00729795,0.0130591,0.00017054009281,0.08515
-0.0341459,0.191292,0.036592629264,0.000355278
-0.0207862,0.0180887,0.00032720106769,0.041364
0.0052298,0.0073054,5.336886916e-05,0.436981
-0.0694967,0.0684487,0.00468522453169,0.00284812
0.00529714,0.00730511,5.33646321121e-05,0.436991
-0.0434534,0.121043,0.014651407849,0.000880989
0.00957996,0.00742553,5.51384957809e-05,0.394917
0.00964269,0.007425,5.5130625e-05,0.394942
0.0137268,0.130886,0.017131144996,0.000741336
0.0052631,0.00730473,5.33590803729e-05,0.436983
0.00957793,0.0074254,5.513656516e-05,0.394923
0.0503228,0.0719739,0.00518024228121,0.00259211
0.00534878,0.00730485,5.33608335225e-05,0.437027
0.013415,0.00748433,5.60151955489e-05,0.380814
0.00512939,0.00730479,5.33599569441e-05,0.437313
0.0329304,0.0274986,0.00075617300196,0.0178289
0.00521332,0.00730571,5.33733986041e-05,0.43756
0.00677203,0.00730988,5.34343456144e-05,0.437205
0.00562414,0.00730557,5.33713530249e-05,0.437245
0.00635708,0.0693896,0.00481491658816,0.00274429
0.0053852,0.0073055,5.337033025e-05,0.437213
-0.0635121,0.0670372,0.00449398618384,0.0029626
0.00551065,0.00730505,5.33637555025e-05,0.437226
0.00553903,0.00730624,5.33811429376e-05,0.437203
0.139102,0.091159,0.008309963281,0.00166754
0.00997688,0.00743067,5.52148566489e-05,0.394698
0.0054272,0.00730963,5.34306907369e-05,0.437703
0.00543046,0.00730752,5.33998485504e-05,0.437286
-0.0204022,0.0180893,0.00032722277449,0.0413949
0.0155341,0.037793,0.001428310849,0.00946421
0.00575217,0.00730728,5.33963409984e-05,0.43823
-0.0204398,0.0371435,0.00137963959225,0.00966812
0.0066914,0.00731802,5.35534167204e-05,0.434917
0.0055186,0.00731856,5.35613204736e-05,0.438239
0.00593038,0.0554168,0.00307102172224,0.00422413
-0.0597497,0.0666757,0.00444564897049,0.00299364
-0.00959178,0.00985718,9.71639975524e-05,0.166572
0.0100756,0.00744292,5.53970581264e-05,0.395451
0.00445675,0.0810367,0.00656694674689,0.00200586
0.0100756,0.00744292,5.53970581264e-05,0.395451
-0.0292288,0.0610971,0.00373285562841,0.0035427
-0.0597539,0.0666731,0.00444530226361,0.00299337
0.00665298,0.00732659,5.36789210281e-05,0.444263
0.0661483,0.0936391,0.00876828104881,0.00151614
0.00895474,0.00742863,5.51845436769e-05,0.398665
0.0103083,0.00742592,5.51442878464e-05,0.404784
0.0104023,0.00742559,5.51393868481e-05,0.404756
-0.022684,0.0272939,0.00074495697721,0.0183502
0.0103239,0.00742505,5.51313675025e-05,0.404787
0.00996178,0.00744356,5.54065854736e-05,0.395293
0.00995183,0.00890037,7.92165861369e-05,0.214223
0.0099088,0.00744371,5.54088185641e-05,0.395305
0.00913769,0.00742626,5.51493375876e-05,0.398892
-0.00431989,0.0426244,0.00181683947536,0.00730233
0.00913769,0.00742626,5.51493375876e-05,0.398892
-0.0164277,0.0420744,0.00177025513536,0.00751903
0.00900983,0.00742727,5.51643396529e-05,0.398848
0.00977321,0.0074448,5.542504704e-05,0.395232
0.00173741,0.037973,0.001441948729,0.00906648
-0.0170477,0.0187573,0.00035183630329,0.038301
0.0588241,0.116943,0.013675665249,0.000911366
-0.09715,0.0946815,0.00896458644225,0.00141923
0.032916,0.0823913,0.00678832631569,0.00196127
0.00523465,0.0073462,5.396665444e-05,0.436676
0.00871097,0.00745144,5.55239580736e-05,0.397654
-0.0451917,0.0717549,0.00514876567401,0.00259403
0.00902141,0.00744927,5.54916235329e-05,0.397657
0.00878824,0.00743919,5.53415478561e-05,0.398462
-0.0108825,0.0120523,0.00014525793529,0.101915
0.0109299,0.0472587,0.00223338472569,0.00583996
0.00719478,0.0151383,0.00022916812689,0.0617927
0.00904292,0.00744071,5.53641653041e-05,0.398471
-0.000799805,0.0429201,0.00184213498401,0.00722289
-0.0224122,0.0936878,0.00877740386884,0.00157914
0.0189224,0.00997112,9.94232340544e-05,0.161076
-0.169756,0.108067,0.011678476489,0.00117331
0.0307078,0.0398321,0.00158659619041,0.00832537
0.0266639,0.052472,0.002753310784,0.0048456
0.0110506,0.0184361,0.00033988978321,0.0400979
0.0106178,0.00748397,5.60098069609e-05,0.394633
-0.00809716,0.0643862,0.00414558275044,0.0031103
-0.0631754,0.0668616,0.00447047355456,0.00297812
0.0640511,0.0685633,0.00470092610689,0.00282364
0.00774328,0.00765606,5.86152547236e-05,0.421939
-0.0214032,0.0209282,0.00043798955524,0.0306325
-0.00634176,0.00735711,5.41270675521e-05,0.416345
0.0745105,0.0979812,0.00960031555344,0.0013574
0.00643757,0.0889417,0.00791062599889,0.00163858
0.00440666,0.0154003,0.00023716924009,0.0599783
-0.0193759,0.0115803,0.00013410334809,0.110721
-0.0305394,0.0608307,0.00370037406249,0.00353854
-0.0198828,0.0115717,0.00013390424089,0.110802
-0.050782,0.0916485,0.00839944755225,0.00154407
-0.0197832,0.0115723,0.00013391812729,0.110735
-0.0302933,0.0416381,0.00173373137161,0.00758887
-0.0193784,0.0115804,0.00013410566416,0.11054
-0.0140704,0.0128053,0.00016397570809,0.087679
-0.0305785,0.0153522,0.00023569004484,0.0593965
-0.0358322,0.0246737,0.00060879147169,0.0222898
0.00680651,0.00764415,5.84330292225e-05,0.382491
-0.0256958,0.0291828,0.00085163581584,0.0155386
-0.0343626,0.0157287,0.00024739200369,0.0556926
-0.0142359,0.0127319,0.00016210127761,0.0883816
-0.0132303,0.0841266,0.00707728482756,0.00189891
-0.0207721,0.0114821,0.00013183862041,0.111899
-0.0207322,0.0114833,0.00013186617889,0.111875
-0.0201713,0.0114933,0.00013209594489,0.111634
0.123525,0.0893661,0.00798629982921,0.00170142
-0.020767,0.0114818,0.00013183173124,0.88813
-0.0141351,0.012729,0.000162027441,0.911578
-0.0204554,0.0114786,0.00013175825796,0.888037
-0.0204953,0.0114774,0.00013173071076,0.888013
0.0622828,0.0797621,0.00636199259641,0.00211524
-0.0769453,0.0576694,0.00332575969636,0.00398825
0.0415947,0.0692031,0.00478906904961,0.00274028
0.0104898,0.0120584,0.00014540501056,0.100643
-0.114125,0.0754284,0.00568944352656,0.00236527
-0.0203271,0.0114789,0.00013176514521,0.88806
-0.0204938,0.0114781,0.00013174677961,0.888051
-0.00618914,0.109642,0.012021368164,0.00109632
-0.121552,0.0997933,0.00995870272489,0.00142076
-0.0792489,0.0465838,0.00217005042244,0.0060416
0.0689562,0.0693779,0.00481329300841,0.00273994
-0.194409,0.129524,0.016776466576,0.00078745
-0.0204539,0.0114794,0.00013177662436,0.888075
-0.106144,0.0336173,0.00113012285929,0.0118361
-0.00329601,0.0435657,0.00189797021649,0.0070135
-0.00394472,0.00901158,8.12085740964e-05,0.204218
0.0382861,0.0606851,0.00368268136201,0.00355634
-0.0121941,0.00781209,6.10287501681e-05,0.683841
0.0239327,0.0583249,0.00340179396001,0.00391023
-0.0205054,0.0114786,0.00013175825796,0.888063
-0.0211072,0.0114522,0.00013115288484,0.887361
-0.0379779,0.0279052,0.00077870018704,0.0174616
0.0502892,0.0309193,0.00095600311249,0.0140428
0.0584641,0.0991733,0.00983534343289,0.00132716
-0.0346281,0.0400289,0.00160231283521,0.00834111
-0.0039629,0.00897889,8.06204656321e-05,0.205877
-0.0125443,0.00779407,6.07475271649e-05,0.682207
-0.0039629,0.00897889,8.06204656321e-05,0.205877
-0.0126854,0.00779429,6.07509566041e-05,0.682298
-0.0255956,0.0459258,0.00210917910564,0.00639659
0.0377861,0.0931416,0.00867535765056,0.00148304
-0.0348409,0.0245231,0.00060138243361,0.0225771
-0.0123748,0.00779744,6.08000705536e-05,0.682242
-0.0124303,0.0077983,6.081348289e-05,0.682274
-0.0123748,0.00779744,6.08000705536e-05,0.682242
-0.0109146,0.00779091,6.06982786281e-05,0.680646
0.00705765,0.0333186,0.00111012910596,0.0119764
-0.00221091,0.00895939,8.02706691721e-05,0.207719
-0.00954372,0.0145144,0.00021066780736,0.0679534
-0.0151115,0.0118407,0.00014020217649,0.111093
-0.0393247,0.118922,0.014142442084,0.000910634
-0.0668486,0.131003,0.017161786009,0.000709417
-0.0141964,0.0127308,0.00016207326864,0.911597
0.0415466,0.0798351,0.00637364319201,0.00207668
-0.0106506,0.00778877,6.06649381129e-05,0.680488
-0.0359886,0.0245057,0.00060052933249,0.0226114
-0.141334,0.145596,0.021198195216,0.000648548
-0.0344753,0.0157302,0.00024743919204,0.944314
0.00768135,0.0513592,0.00263776742464,0.00504472
-0.0357258,0.0245632,0.00060335079424,0.0225019
-0.0357258,0.0245632,0.00060335079424,0.0225019
0.078098,0.0693799,0.00481357052401,0.00279278
-0.112803,0.095225,0.009067800625,0.00150136
0.0445663,0.0543065,0.00294919594225,0.00446387
-0.00197917,0.00896049,8.02903810401e-05,0.207516
-0.0201841,0.0114932,0.00013209364624,0.888308
-0.0361724,0.02453,0.0006017209,0.0225637
-0.0251415,0.0462192,0.00213621444864,0.00632676
0.015677,0.0307693,0.00094674982249,0.0140828
0.168542,0.0595999,0.00355214808001,0.00370876
-0.00507153,0.0289007,0.00083525046049,0.0161081
0.0269981,0.023889,0.000570684321,0.0237735
-0.108246,0.101059,0.010212921481,0.0013746
-0.0188717,0.0109035,0.00011888631225,0.870852
-0.00182918,0.00895672,8.02228331584e-05,0.207601
-0.0215615,0.0952067,0.00906431572489,0.00146659
-0.161598,0.10582,0.0111978724,0.00117509
-0.0108167,0.00778926,6.06725713476e-05,0.680554
-0.062868,0.0817163,0.00667755368569,0.00185174
-0.010953,0.0077922,6.071838084e-05,0.680853
0.0223814,0.0674763,0.00455305106169,0.00289134
0.0884592,0.0962978,0.00927326628484,0.00137435
-0.01097,0.00779262,6.07249264644e-05,0.680812
-0.0108073,0.0077938,6.074331844e-05,0.680968
-0.0993862,0.0333249,0.00111054896001,0.012037
-0.0481596,0.0794396,0.00631065004816,0.00207078
-0.0344416,0.0157302,0.00024743919204,0.944316
-0.0240897,0.060005,0.003600600025,0.00359345
-0.0979727,0.061393,0.003769100449,0.00363114
-0.0107566,0.0077902,6.068721604e-05,0.680513
0.0392,0.0300001,0.00090000600001,0.0148946
0.0864315,0.117864,0.013891922496,0.000942784
-0.0342201,0.0157163,0.00024700208569,0.944234
-0.0877242,0.0587215,0.00344821456225,0.00380216
0.0695941,0.0605431,0.00366546695761,0.00356262
-0.0107329,0.00778976,6.06803608576e-05,0.680533
0.0236851,0.0430179,0.00185053972041,0.00696052
-0.0274854,0.0462809,0.00214192170481,0.00630311
-0.0107991,0.00778928,6.06728829184e-05,0.680517
0.0163729,0.0307865,0.00094780858225,0.0140673
-0.0344006,0.0157298,0.00024742660804,0.944313
-0.0159581,0.0118507,0.00014043909049,0.103893
-0.0109445,0.00778955,6.06770892025e-05,0.68033
-0.0109663,0.00778878,6.06650938884e-05,0.680247
0.0401768,0.145566,0.021189460356,0.000648729
0.0703934,0.0693816,0.00481380641856,0.00279338
-0.0109663,0.00778878,6.06650938884e-05,0.680247
-0.0360707,0.0349856,0.00122399220736,0.0109416
-0.0141555,0.012732,0.000162103824,0.911612
0.0703907,0.0604066,0.00364895732356,0.00357771
0.00394224,0.00769707,5.92448865849e-05,0.334265
-0.0275877,0.0583506,0.00340479252036,0.003811
-0.0108678,0.00779109,6.07010833881e-05,0.680424
0.0169503,0.0309249,0.00095634944001,0.0139155
-0.00189464,0.00895572,8.02049207184e-05,0.207748
-0.0416333,0.0681833,0.00464896239889,0.00287748
-0.0108014,0.00779083,6.06970320889e-05,0.680408
0.115325,0.090738,0.008233384644,0.00163737
-0.0109718,0.00778854,6.06613553316e-05,0.680257
-0.0345067,0.0157296,0.00024742031616,0.944306
0.0676052,0.0885406,0.00783943784836,0.00171529
-0.0344416,0.0157302,0.00024743919204,0.944316
-0.0020651,0.00895548,8.02006220304e-05,0.207794
-0.011347,0.00778956,6.06772449936e-05,0.680244
-0.0360875,0.0245315,0.00060179449225,0.0225616
-0.0360875,0.0245315,0.00060179449225,0.0225616
-0.119202,0.0926569,0.00858530111761,0.00162147
-0.0360875,0.0245315,0.00060179449225,0.0225616
-0.0109722,0.0077879,6.065138641e-05,0.680435
0.0213481,0.0283262,0.00080237360644,0.0167346
-0.0017658,0.00895662,8.02210418244e-05,0.207617
-0.0344416,0.0157302,0.00024743919204,0.944316
-0.0375803,0.024556,0.000602997136,0.0225139
0.0354844,0.0544008,0.00295944704064,0.00442683
-0.00436626,0.0443917,0.00197062302889,0.00673098
-0.0107223,0.00779054,6.06925134916e-05,0.680625
-0.0108206,0.00778872,6.06641592384e-05,0.680475
0.111331,0.0838073,0.00702366353329,0.00197519
-0.059329,0.0568418,0.00323099022724,0.00422605
0.0211609,0.0204415,0.00041785492225,0.0326329
-0.0135883,0.0773901,0.00598922757801,0.00224502
0.013179,0.0615268,0.00378554711824,0.00353029
-0.0202918,0.0114918,0.00013206146724,0.888311
-0.0032403,0.00900464,8.10835415296e-05,0.205401
-0.0142575,0.0410896,0.00168835522816,0.00781684
-0.126471,0.0885131,0.00783456887161,0.00174447
-0.00437054,0.0612478,0.00375129300484,0.00349225
0.00428923,0.0252472,0.00063742110784,0.0213371
-0.100233,0.0454218,0.00206313991524,0.00634729
-0.0108206,0.00778872,6.06641592384e-05,0.680475
0.0472161,0.102993,0.010607558049,0.00125379
-0.0330941,0.024911,0.000620557921,0.0219145
-0.00143782,0.00895624,8.02142349376e-05,0.207875
-0.00179291,0.0169683,0.00028792320489,0.0486604
-0.0144566,0.096285,0.009270801225,0.00143723
-0.0288586,0.0717539,0.00514862216521,0.00251683
-0.0138195,0.00794274,6.30871187076e-05,0.697525
-0.0399133,0.0576468,0.00332315355024,0.00393142
-0.0200923,0.125689,0.015797724721,0.000818331
0.0670031,0.0889976,0.00792057280576,0.00164061
0.0105105,0.0119755,0.00014341260025,0.10223
-0.130665,0.156167,0.024388131889,0.000525372
0.0924958,0.0494921,0.00244946796241,0.00545578
-0.0347824,0.0157285,0.00024738571225,0.944302
0.0910669,0.0498657,0.00248658803649,0.00536404
-0.0107868,0.0077871,6.063892641e-05,0.680404
0.0185786,0.0284236,0.00080790103696,0.0166425
0.000481768,0.0827377,0.00684552700129,0.0019439
0.0583705,0.0391619,0.00153365441161,0.00891762
0.0337745,0.0823883,0.00678783197689,0.00199302
-0.0107674,0.00778821,6.06562150041e-05,0.680461
-0.0228703,0.0325155,0.00105725774025,0.0127771
-0.0105471,0.00778875,6.06646265625e-05,0.679926
-0.00338126,0.0968502,0.00937996124004,0.00140937
0.0201328,0.0985354,0.00970922505316,0.00129762
0.008656,0.0830879,0.00690359912641,0.00192848
-0.0943618,0.045647,0.002083648609,0.00628474
-0.0107063,0.00778705,6.06381477025e-05,0.680442
-0.0203094,0.0114923,0.00013207295929,0.888322
-0.0106159,0.00778081,6.05410042561e-05,0.680198
-0.0366095,0.0245233,0.00060139224289,0.0225771
-0.0106787,0.0077804,6.053462416e-05,0.680188
0.0270201,0.0241142,0.00058149464164,0.0233255
-0.0291815,0.0569236,0.00324029623696,0.00401693
-0.0143032,0.0127368,0.00016222607424,0.911648
0.0386907,0.0331219,0.00109706025961,0.0122046
-0.0106501,0.00778166,6.05542323556e-05,0.680251
0.010912,0.0119449,0.00014268063601,0.102783
-0.0105951,0.00778081,6.05410042561e-05,0.680219
0.0207167,0.0204627,0.00041872209129,0.0325949
0.0299313,0.0256277,0.00065677900729,0.020864
0.0207167,0.0204627,0.00041872209129,0.0325949
-0.0727924,0.0880885,0.00775958383225,0.00176024
-0.0327476,0.0248228,0.00061617139984,0.0220347
-0.115786,0.0460033,0.00211630361089,0.0061778
-0.0106394,0.00778059,6.05375807481e-05,0.680159
-0.0347824,0.0157285,0.00024738571225,0.944302
-0.0203744,0.0114959,0.00013215571681,0.888352
-0.0101712,0.00779104,6.07003042816e-05,0.679693
0.0208561,0.0636364,0.00404959140496,0.00333426
-0.0517186,0.0661328,0.00437354723584,0.00304294
-0.0142453,0.0127364,0.00016221588496,0.911646
-0.0735537,0.0691721,0.00478477941841,0.00285608
-0.010443,0.00778072,6.05396037184e-05,0.680224
0.00916437,0.0208606,0.00043516463236,0.0313126
-0.0241574,0.136896,0.018740514816,0.000757459
-0.0236999,0.0178026,0.00031693256676,0.0436935
0.0207782,0.0204621,0.00041869753641,0.0325959
-0.0366095,0.0245233,0.00060139224289,0.0225771
-0.0366095,0.0245233,0.00060139224289,0.0225771
-0.0268707,0.0152036,0.00023114945296,0.0605519
0.116954,0.0768503,0.00590596861009,0.00218652
0.0207782,0.0204621,0.00041869753641,0.0325959
-0.212592,0.145529,0.021178689841,0.000618066
-0.0142453,0.0127364,0.00016221588496,0.911646
-0.0135462,0.10507,0.0110397049,0.00117255
-0.010443,0.00778072,6.05396037184e-05,0.680224
-0.0854373,0.111322,0.012392587684,0.00109792
-0.0107469,0.0077825,6.056730625e-05,0.680213
0.0484453,0.0243328,0.00059208515584,0.0226694
0.0152202,0.0642679,0.00413036297041,0.00313407
-0.0347824,0.0157285,0.00024738571225,0.944302
-0.0104174,0.0077819,6.055796761e-05,0.680282
0.0449739,0.113097,0.012790931409,0.00100414
-0.0936919,0.0800618,0.00640989181924,0.00199
-0.0375625,0.0245563,0.00060301186969,0.0225146
-0.00140567,0.00895017,8.01055430289e-05,0.207763
0.0834985,0.0566138,0.00320512235044,0.00412355
-0.189172,0.115915,0.013436287225,0.00100306
-0.0102144,0.00778367,6.05855186689e-05,0.68039
0.0034922,0.00767029,5.88333486841e-05,0.335089
-0.0236999,0.0178026,0.00031693256676,0.0436935
0.0443529,0.0228266,0.00052105366756,0.0262121
-0.0148582,0.0117157,0.00013725762649,0.106649
0.0101323,0.0609584,0.00371592653056,0.00356833
-0.0102859,0.00778215,6.05618586225e-05,0.680221
-0.201479,0.0911943,0.00831640035249,0.00160667
-0.010441,0.00778122,6.05473846884e-05,0.680265
-0.00819139,0.00783584,6.14003885056e-05,0.686732
-0.0356035,0.0157575,0.00024829880625,0.944496
0.00161969,0.0152131,0.00023143841161,0.0612377
0.00689523,0.0907277,0.00823151554729,0.00153038
-0.100201,0.0452525,0.00204778875625,0.00639441
-0.0347501,0.0157308,0.00024745806864,0.944316
0.0211045,0.0204721,0.00041910687841,0.032567
-0.0103077,0.00778185,6.05571894225e-05,0.680302
-0.0134584,0.0411733,0.00169524063289,0.00778667
0.0433569,0.013451,0.000180929401,0.0812753
-0.177747,0.200626,0.040250791876,0.000325027
-0.0203222,0.0114971,0.00013218330841,0.888373
-0.0856264,0.0331912,0.00110165575744,0.0121369
-0.00147101,0.00895047,8.01109132209e-05,0.207725
-0.0856144,0.0331906,0.00110161592836,0.012138
-0.0370347,0.0245235,0.00060140205225,0.0225778
-0.00792479,0.0078392,6.145305664e-05,0.68688
-0.00812335,0.00783656,6.14116726336e-05,0.686737
-0.0270377,0.0149698,0.00022409491204,0.0627235
-0.200514,0.130925,0.017141355625,0.000757998
0.0174476,0.044822,0.002009011684,0.00667208
0.0266037,0.0104403,0.00010899986409,0.140864
-0.00150765,0.00895195,8.01374088025e-05,0.207692
-0.0101744,0.00778515,6.06085605225e-05,0.680447
-0.0139958,0.0127382,0.00016226173924,0.911674
-0.0102623,0.00778296,6.05744663616e-05,0.680302
0.0259461,0.045422,0.002063158084,0.00646814
0.180581,0.0810433,0.00656801647489,0.00215315
-0.0305978,0.0273331,0.00074709835561,0.0180691
-0.0102623,0.00778296,6.05744663616e-05,0.680302
-0.0114445,0.0129282,0.00016713835524,0.913774
-0.0631623,0.0719636,0.00517875972496,0.00258043
-0.0274238,0.0149419,0.00022326037561,0.0628925
-0.0345839,0.0157216,0.00024716870656,0.944266
-0.0101212,0.00778366,6.05853629956e-05,0.680313
-0.0102827,0.00778395,6.05898776025e-05,0.680345
-0.0101618,0.00778358,6.05841176164e-05,0.680328
-0.00171862,0.00895433,8.01800257489e-05,0.207567
-0.0103962,0.00778405,6.05914344025e-05,0.680418
-0.0208888,0.0452924,0.00205140149776,0.00641006
-0.0177763,0.0898231,0.00806818929361,0.00162077
-0.000114121,0.00745494,5.55761304036e-05,0.379218
0.013193,0.0120534,0.00014528445156,0.100487
-0.0355852,0.0244653,0.00059855090409,0.0226571
-0.0101796,0.00778366,6.05853629956e-05,0.680313
-0.0252167,0.0177514,0.00031511220196,0.0439993
-0.0102167,0.00778443,6.05973504249e-05,0.68036
-0.0438865,0.0256732,0.00065911319824,0.0204519
0.0159171,0.0724718,0.00525216179524,0.00247724
-0.0139958,0.0127382,0.00016226173924,0.911674
-0.0101504,0.00778351,6.05830279201e-05,0.680344
0.0149454,0.040769,0.001662111361,0.00796652
-0.00965559,0.0410036,0.00168129521296,0.00784798
0.0214607,0.0204769,0.00041930343361,0.0325526
-0.0207183,0.0229402,0.00052625277604,0.0258086
-0.0138667,0.0127356,0.00016219550736,0.911627
-0.0101504,0.00778351,6.05830279201e-05,0.680344
-0.000682265,0.00745153,5.55252993409e-05,0.37993
0.0358944,0.072913,0.005316305569,0.00254693
-0.00879085,0.00779605,6.07783956025e-05,0.678947
-0.00893852,0.00779449,6.07540743601e-05,0.678908
-0.00885432,0.00779489,6.07603101121e-05,0.678939
-0.0281284,0.0149386,0.00022316176996,0.0630329
-0.00879519,0.00779707,6.07943005849e-05,0.67906
-0.0102509,0.00778288,6.05732210944e-05,0.680317
0.131357,0.145651,0.021214213801,0.00060254
-0.00153706,0.00895925,8.02681605625e-05,0.207902
-0.0102687,0.00778297,6.05746220209e-05,0.680302
0.0214607,0.0204769,0.00041930343361,0.0325526
0.0113539,0.0183912,0.00033823623744,0.0404153
-0.0102687,0.00778297,6.05746220209e-05,0.680302
-0.0102098,0.00778296,6.05744663616e-05,0.680302
0.0214607,0.0204769,0.00041930343361,0.0325526
-0.0301499,0.0209567,0.00043918327489,0.0312945
-0.00125031,0.0089534,8.016337156e-05,0.207741
-0.146584,0.0713062,0.00508457415844,0.00253862
-0.0437461,0.0494088,0.00244122951744,0.00552033
0.0452384,0.114944,0.013212123136,0.000956879
-0.0102509,0.00778288,6.05732210944e-05,0.680317
-0.0101688,0.00778502,6.06065364004e-05,0.680442
0.039387,0.106588,0.011361001744,0.00118945
0.14328,0.141871,0.020127380641,0.000648388
-0.00601009,0.00863241,7.45185024081e-05,0.230647
-0.00606033,0.00863375,7.45416390625e-05,0.230628
-0.00852959,0.0490571,0.00240659906041,0.00555487
0.0274288,0.0388695,0.00151083803025,0.00873254
-0.00137891,0.00895345,8.01642669025e-05,0.207665
-0.0101731,0.00778372,6.05862970384e-05,0.680334
-0.0101731,0.00778372,6.05862970384e-05,0.680334
0.0228776,0.0540872,0.00292542520384,0.00448916
-0.0103466,0.00778318,6.05778909124e-05,0.680278
-0.0139731,0.0127366,0.00016222097956,0.911643
-0.0109608,0.0077953,6.076670209e-05,0.679164
-0.0110084,0.00779527,6.07662343729e-05,0.679199
-0.0110102,0.00779626,6.07816699876e-05,0.678939
-0.00685817,0.00796437,6.34311894969e-05,0.702372
-0.0110328,0.00779464,6.07564127296e-05,0.679547
-0.0102965,0.00778209,6.05609247681e-05,0.680221
-0.060623,0.109683,0.012030360489,0.00111307
0.0523591,0.0952212,0.00906707692944,0.00151235
0.022769,0.028551,0.000815159601,0.0164514
-0.0139674,0.012739,0.000162282121,0.911689
-0.00160968,0.00895366,8.01680273956e-05,0.207679
-0.00159765,0.109702,0.012034528804,0.00105354
-0.00417643,0.108097,0.011684961409,0.00115809
-0.00107186,0.00895414,8.01766231396e-05,0.208568
-0.0101254,0.00778381,6.05876981161e-05,0.680401
-0.0159283,0.0894128,0.00799464880384,0.0015837
-0.111858,0.122171,0.014925753241,0.000957795
-0.0102075,0.00778168,6.05545436224e-05,0.680276
-0.0724657,0.0485591,0.00235798619281,0.00556156
0.0522834,0.0926439,0.00858289220721,0.00154722
-0.00633293,0.0079509,6.321681081e-05,0.70361
-0.0102075,0.00778168,6.05545436224e-05,0.680276
0.0296383,0.0559574,0.00313123061476,0.00416422
0.0296383,0.0559574,0.00313123061476,0.00416422
-0.0102322,0.00778233,6.05646602289e-05,0.680247
-0.0332733,0.0157189,0.00024708381721,0.944205
-0.00145283,0.00895094,8.01193268836e-05,0.207714
0.0194744,0.0234066,0.00054786892356,0.0247095
-0.00145283,0.00895094,8.01193268836e-05,0.207714
-0.00144674,0.00891167,7.94178621889e-05,0.211775
-0.0064543,0.00794768,6.31656173824e-05,0.703384
-0.0256668,0.0177714,0.00031582265796,0.0438778
0.0268993,0.0232779,0.00054186062841,0.0249892
0.0201536,0.0483297,0.00233575990209,0.00569017
0.109207,0.114055,0.013008543025,0.00103757
-0.0542512,0.0952053,0.00906404914809,0.00142098
-0.0102322,0.00778233,6.05646602289e-05,0.680247
-0.0102145,0.00778225,6.05634150625e-05,0.680262
-0.0100704,0.00778296,6.05744663616e-05,0.680369
-0.0102322,0.00778233,6.05646602289e-05,0.680247
-0.0101254,0.00778381,6.05876981161e-05,0.680401
0.0152889,0.0759499,0.00576838731001,0.00231624
-0.0100704,0.00778296,6.05744663616e-05,0.680369
-0.0227799,0.0290249,0.00084244482001,0.016033
0.0124759,0.0468644,0.00219627198736,0.00599963
-0.0261472,0.0474692,0.00225332494864,0.00596618
-0.0100704,0.00778296,6.05744663616e-05,0.680369
-0.0101365,0.00778247,6.05668393009e-05,0.680353
-0.0319412,0.038349,0.001470645801,0.00911944
-0.0100704,0.00778296,6.05744663616e-05,0.680369
-0.00871102,0.0591015,0.00349298730225,0.00380099
-0.0305076,0.0209316,0.00043813187856,0.0313737
0.0511733,0.0268868,0.00072290001424,0.0186858
0.0228632,0.00988595,9.77320074025e-05,0.159539
-0.0103037,0.00778661,6.06312952921e-05,0.679828
-0.0103694,0.00778623,6.06253776129e-05,0.679818
-0.0244941,0.0823764,0.00678587127696,0.00197903
-0.0101495,0.00778234,6.05648158756e-05,0.680348
0.00421363,0.0148001,0.00021904296001,0.0660077
-0.0101495,0.00778234,6.05648158756e-05,0.680348
-0.0103043,0.00778114,6.05461396996e-05,0.68024
0.0141228,0.0120408,0.00014498086464,0.102546
-0.0101495,0.00778234,6.05648158756e-05,0.680348
-0.0102946,0.00778437,6.05964162969e-05,0.68043
-0.0101927,0.00778343,6.05817825649e-05,0.680275
0.0219473,0.0204902,0.00041984829604,0.0325093
0.0378653,0.021096,0.000445041216,0.0304834
-0.00148107,0.00895067,8.01144934489e-05,0.207723
0.0452311,0.11494,0.0132112036,0.000956761
-0.0103043,0.00778114,6.05461396996e-05,0.68024
-0.0101447,0.00778226,6.05635707076e-05,0.680363
-0.0103043,0.00778114,6.05461396996e-05,0.68024
0.0379774,0.0213681,0.00045659569761,0.0307015
0.016843,0.0369352,0.00136420899904,0.00980118
-0.0369969,0.0245236,0.00060140695696,0.0225785
-0.0102817,0.00778097,6.05434941409e-05,0.680271
-0.0101447,0.00778226,6.05635707076e-05,0.680363
-0.00148107,0.00895067,8.01144934489e-05,0.207723
-0.0134458,0.012739,0.000162282121,0.911667
0.079401,0.0898081,0.00806549482561,0.00165583
0.0385412,0.0589869,0.00347945437161,0.00377732
-0.0101447,0.00778226,6.05635707076e-05,0.680363
-3.14655e-05,0.00746617,5.57436944689e-05,0.380144
-0.0101447,0.00778226,6.05635707076e-05,0.680363
-0.000445401,0.026819,0.000719258761,0.0189616
-0.0101495,0.00778234,6.05648158756e-05,0.680348
-0.0103043,0.00778114,6.05461396996e-05,0.68024
-0.0546162,0.110545,0.012220197025,0.00109649
-0.0101495,0.00778234,6.05648158756e-05,0.680348
0.0520974,0.0270364,0.00073096692496,0.0184745
0.00475791,0.0181628,0.00032988730384,0.0422269
-0.00136294,0.00895366,8.01680273956e-05,0.207691
-0.0930439,0.0782366,0.00612096557956,0.00218361
0.0131427,0.0119931,0.00014383444761,0.10177
-0.0357024,0.0245393,0.00060217724449,0.0225483
-0.0385007,0.0325325,0.00105836355625,0.0126267
-0.0102779,0.00778704,6.06379919616e-05,0.680361
-0.0101241,0.00778865,6.06630688225e-05,0.68045
0.00471834,0.0448136,0.00200825874496,0.00662999
-0.010049,0.0077884,6.065917456e-05,0.680496
-0.0563798,0.0337256,0.00113741609536,0.0115784
-0.0101064,0.00778857,6.06618226449e-05,0.680466
-0.00991261,0.00779059,6.06932925481e-05,0.680564
-0.0101064,0.00778857,6.06618226449e-05,0.680466
-0.0101292,0.00778836,6.06585514896e-05,0.680475
-0.0106283,0.0387142,0.00149878928164,0.990808
-0.010083,0.00778878,6.06650938884e-05,0.680456
0.0101584,0.0578775,0.00334980500625,0.00393981
-0.0101064,0.00778857,6.06618226449e-05,0.680466
-0.0101064,0.00778857,6.06618226449e-05,0.680466
-0.035389,0.0193494,0.00037439928036,0.0370167
-0.0101064,0.00778857,6.06618226449e-05,0.680466
-0.00998122,0.00778975,6.06802050625e-05,0.680429
0.0763405,0.105112,0.011048532544,0.00125166
-0.0101979,0.0077879,6.065138641e-05,0.6803
-0.00998219,0.0517565,0.00267873529225,0.00518324
-0.0267622,0.0722211,0.00521588728521,0.00251839
0.0241281,0.0537283,0.00288673022089,0.00450716
-0.0101361,0.00778887,6.06664958769e-05,0.680571
-0.00176999,0.00896013,8.02839296169e-05,0.20764
-0.0157372,0.074657,0.005573667649,0.00236439
0.170282,0.128196,0.016434214416,0.000774521
-0.0101184,0.00778924,6.06722597776e-05,0.319523
0.0205717,0.0234209,0.00054853855681,0.0246786
-0.0101361,0.00778932,6.06735060624e-05,0.319539
-0.0101184,0.00778924,6.06722597776e-05,0.319523
-0.0102642,0.0077892,6.067163664e-05,0.319667
-0.0110684,0.0412114,0.00169837948996,0.00773984
-0.0101716,0.00778814,6.06551246596e-05,0.319714
-0.102727,0.143746,0.020662912516,0.000633479
0.00312519,0.0962667,0.00926727752889,0.0014665
-0.0101716,0.00778814,6.06551246596e-05,0.319714
-0.0373015,0.016086,0.000258759396,0.0530633
-0.0358307,0.0245406,0.00060224104836,0.022551
0.152026,0.0767818,0.00589544481124,0.00231087
-0.0142651,0.0127437,0.00016240188969,0.0882489
-0.0103151,0.00779108,6.07009275664e-05,0.319716
0.135386,0.109664,0.012026192896,0.00106455
-0.0105762,0.00779383,6.07437860689e-05,0.319674
-0.000450646,0.0585856,0.00343227252736,0.00381289
-0.0105027,0.00779911,6.08261167921e-05,0.319703
-0.0359283,0.0247062,0.00061039631844,0.0223269
-0.0106205,0.00779772,6.08044371984e-05,0.319562
0.0713667,0.0411645,0.00169451606025,0.00795599
-0.0106159,0.00779729,6.07977313441e-05,0.319579
-0.0105983,0.00779721,6.07964837841e-05,0.319563
-0.0105983,0.00779721,6.07964837841e-05,0.319563
-0.0256116,0.0151873,0.00023065408129,0.0603603
-0.0103616,0.00779782,6.08059967524e-05,0.319514
-0.0103383,0.00780023,6.08435880529e-05,0.31957
-0.0105324,0.0077971,6.079476841e-05,0.319475
0.0375916,0.0911814,0.00831404770596,0.00163727
-0.01055,0.00779718,6.07960159524e-05,0.31949
-0.0104661,0.00779758,6.08022538564e-05,0.319459
-0.0106937,0.00779857,6.08176940449e-05,0.319491
-0.01055,0.00779718,6.07960159524e-05,0.31949
-0.01055,0.00779718,6.07960159524e-05,0.31949
-0.0103679,0.00779801,6.08089599601e-05,0.319527
-0.0104919,0.00779805,6.08095838025e-05,0.319488
-0.0420842,0.0330578,0.00109281814084,0.0122929
-0.0126173,0.0945969,0.00894857348961,0.00148925
-0.145974,0.130963,0.017151307369,0.000773419
0.0223272,0.0160987,0.00025916814169,0.0537449
0.037971,0.0285296,0.00081393807616,0.0164363
-0.0154999,0.0306058,0.00093671499364,0.0141198
-0.011492,0.00781834,6.11264403556e-05,0.316165
-0.0116493,0.00781744,6.11123681536e-05,0.316267
-0.0326608,0.024649,0.000607573201,0.0224413
0.00543125,0.00764698,5.84763031204e-05,0.339567
0.00809244,0.0444883,0.00197920883689,0.00666049
-0.0270448,0.0293155,0.00085939854025,0.0157331
0.151029,0.13232,0.0175085824,0.000741313
-0.0105936,0.00794379,6.31037995641e-05,0.313822
-0.0357653,0.0256999,0.00066048486001,0.0207226
-0.0232411,0.111407,0.012411519649,0.00108128
-0.0250198,0.0289101,0.00083579388201,0.0161265
-0.00474739,0.00963583,9.28492197889e-05,0.192381
0.0336644,0.0240874,0.00058020283876,0.0237295
-0.111535,0.0521416,0.00271874645056,0.00494388
-0.0253931,0.0252825,0.00063920480625,0.0218846
-0.01216,0.00860665,7.40744242225e-05,0.298277
-0.0120588,0.0592195,0.00350694918025,0.00372451
-0.0418812,0.0380778,0.00144991885284,0.00926502
-0.024554,0.0610853,0.00373141387609,0.00350845
-0.0212697,0.0154943,0.00024007333249,0.0578613
-0.0105498,0.00903783,8.16823711089e-05,0.616682
0.0037808,0.0800955,0.00641528912025,0.00205103
-0.0185477,0.0309086,0.00095534155396,0.0142019
0.00266369,0.0167832,0.00028167580224,0.0504285
0.00232369,0.0103103,0.00010630228609,0.151284
-0.000940449,0.0087967,7.738193089e-05,0.226576
-0.0239423,0.0216802,0.00047003107204,0.02904
-0.0552501,0.0578722,0.00334919153284,0.00388028
-0.0150259,0.0391661,0.00153398338921,0.00867834
-0.00579927,0.008955,8.0192025e-05,0.206792
0.00207839,0.0285297,0.00081394378209,0.0166147
-0.133878,0.0751381,0.00564573407161,0.00239575
-0.00648544,0.00890876,7.93660047376e-05,0.208335
0.00024601,0.02849,0.0008116801,0.01666
0.00104021,0.0284617,0.00081006836689,0.016698
-0.00284067,0.00744352,5.54059899904e-05,0.608744
-0.00615033,0.00882649,7.79069257201e-05,0.213908
0.0258398,0.0235009,0.00055229230081,0.0245532
0.0327329,0.0691702,0.00478451656804,0.00279668
0.0511769,0.022923,0.000525463929,0.0259427
-0.0415538,0.0392788,0.00154282412944,0.00872492
0.00929668,0.0245253,0.00060149034009,0.0223558
-0.0170661,0.0627046,0.00393186686116,0.00334045
-0.0326366,0.0335822,0.00112776415684,0.0117194
0.00755921,0.0245009,0.00060029410081,0.0224014
-0.0998106,0.166667,0.027777888889,0.000510062
-0.0319579,0.0335617,0.00112638770689,0.0117326
-0.00560279,0.00966183,9.33509589489e-05,0.830178
0.00950328,0.0244847,0.00059950053409,0.0224309
-0.00339119,0.0146508,0.00021464594064,0.0706702
-0.00669779,0.00755498,5.70777228004e-05,0.635655
-0.0499755,0.0354437,0.00125625586969,0.0105984
-0.0264837,0.0860481,0.00740427551361,0.00182527
-0.016391,0.0436052,0.00190141346704,0.00676666
0.00747207,0.0245433,0.00060237357489,0.0223136
0.0251386,0.0155703,0.00024243424209,0.0591754
-0.0237903,0.0237353,0.00056336446609,0.0239694
-0.00100953,0.00861011,7.41339942121e-05,0.232566
-0.00119896,0.00861044,7.41396769936e-05,0.232472
0.0613167,0.0884957,0.00783148891849,0.00173525
0.02679,0.0234911,0.00055183177921,0.0245316
0.00722714,0.0245271,0.00060157863441,0.0223465
-0.0218456,0.0468045,0.00219066122025,0.00618128
0.0199821,0.122105,0.014909631025,0.000884434
-0.0693755,0.0341324,0.00116502072976,0.0116392
-0.00145232,0.00860781,7.40943929961e-05,0.23252
0.0558426,0.0532977,0.00284064482529,0.00465944
0.00978513,0.0245476,0.00060258466576,0.0223043
-0.000938594,0.0169663,0.00028785533569,0.0484545
0.0707203,0.115907,0.013434432649,0.00100638
0.00925037,0.0245481,0.00060260921361,0.0223016
0.0102477,0.0180618,0.00032622861924,0.0423052
-0.00164429,0.00752454,5.66187022116e-05,0.620922
0.00719775,0.0190903,0.00036443955409,0.0377108
-0.065833,0.0340693,0.00116071720249,0.0116693
0.0534098,0.0898257,0.00806865638049,0.00163914
0.088327,0.0885014,0.00783249780196,0.00176258
0.0271173,0.0130934,0.00017143712356,0.916383
-0.00412435,0.00748028,5.59545888784e-05,0.567541
-0.0125026,0.0503327,0.00253338068929,0.0052768
-0.142319,0.0951923,0.00906157397929,0.00141984
0.0641627,0.109657,0.012024657649,0.00108172
-0.0439278,0.0894084,0.00799386199056,0.00168475
-0.00928456,0.0082833,6.861305889e-05,0.260723
-0.0166914,0.0114436,0.00013095598096,0.112229
-0.108892,0.169621,0.028771283641,0.000494575
-0.0180668,0.011482,0.000131836324,0.111344
-0.0497189,0.0623842,0.00389178840964,0.00348454
-0.0395765,0.063001,0.003969126001,0.00341976
0.0746843,0.041513,0.001723329169,0.00762544
0.00078043,0.0188975,0.00035711550625,0.0383121
-0.0656717,0.0911972,0.00831692928784,0.00170215
-0.0018307,0.00748304,5.59958876416e-05,0.618042
-0.00411336,0.00934401,8.73105228801e-05,0.185895
-0.0731449,0.109677,0.012029044329,0.00109663
0.000730768,0.0239146,0.00057190809316,0.0235385
0.0261226,0.0610776,0.00373047322176,0.00358767
-0.286096,0.179447,0.032201225809,0.000432686
-0.00131665,0.00748378,5.60069630884e-05,0.618647
0.124317,0.0968711,0.00938401001521,0.00140475
-0.001529,0.00748045,5.59571322025e-05,0.618608
0.00283279,0.0091618,8.393857924e-05,0.804893
-0.00149589,0.00747936,5.59408260096e-05,0.618318
-0.00441001,0.00934161,8.72656773921e-05,0.186035
0.0287234,0.0493335,0.00243379422225,0.00566227
-0.0334255,0.0348646,0.00121554033316,0.0108481
-0.0333777,0.0348654,0.00121559611716,0.0108491
0.00150727,0.028169,0.000793492561,0.0168087
-0.00119509,0.00747993,5.59493528049e-05,0.618591
-0.0236889,0.0456815,0.00208679944225,0.00652032
0.0147765,0.0487812,0.00237960547344,0.00546203
0.0768403,0.0689905,0.00475968909025,0.00280516
-0.0128152,0.0235963,0.00055678537369,0.0243001
-0.0334045,0.0348649,0.00121556125201,0.0108484
-0.00446002,0.0093406,8.724680836e-05,0.186049
-0.00440924,0.00934124,8.72587647376e-05,0.18603
-0.00440924,0.00934124,8.72587647376e-05,0.18603
-0.00457233,0.00934221,8.72768876841e-05,0.185985
0.0573855,0.0860812,0.00740997299344,0.00173498
-0.0200108,0.0115871,0.00013426088641,0.109885
-0.00816489,0.015696,0.000246364416,0.0571348
0.0861855,0.0627036,0.00393174145296,0.00329334
-0.00434683,0.00933804,8.71989910416e-05,0.186071
0.000180484,0.00995906,9.91828760836e-05,0.16004
-0.00468262,0.0093362,8.716463044e-05,0.186112
-0.0189687,0.0116044,0.00013466209936,0.109591
-0.00587664,0.00933153,8.70774521409e-05,0.186008
-0.00177958,0.00749265,5.61398040225e-05,0.619125
-0.0401186,0.0430886,0.00185662744996,0.00727301
-0.00674829,0.00939647,8.82936484609e-05,0.183709
-0.00569778,0.00933003,8.70494598009e-05,0.18601
-0.00517813,0.00932191,8.68980060481e-05,0.186292
-0.00505734,0.0093222,8.690341284e-05,0.186302
-0.0183814,0.0115973,0.00013449736729,0.109746
-0.00144313,0.00749526,5.61789224676e-05,0.618974
-0.0053882,0.00930938,8.66645559844e-05,0.186552
-0.0053721,0.00930919,8.66610184561e-05,0.186546
-0.00531778,0.00931022,8.66801964484e-05,0.186546
-0.00544962,0.00930908,8.66589704464e-05,0.186552
-0.122353,0.0860646,0.00740711537316,0.00182634
-0.00532954,0.00930824,8.66433318976e-05,0.186612
-0.0053721,0.00930919,8.66610184561e-05,0.186546
-0.0023195,0.0239686,0.00057449378596,0.0232956
-0.00635888,0.00934797,8.73845431209e-05,0.185267
-0.00626343,0.00934101,8.72544678201e-05,0.18551
-0.00537091,0.00930995,8.66751690025e-05,0.186567
-0.00547614,0.00931492,8.67677346064e-05,0.186426
-0.00158992,0.00749591,5.61886667281e-05,0.618956
-0.00853131,0.0238041,0.00056663517681,0.02392
-0.00534953,0.00931954,8.68538258116e-05,0.186282
0.0070958,0.00819854,6.72160581316e-05,0.72933
0.0070958,0.00819854,6.72160581316e-05,0.72933
0.0284953,0.0131506,0.00017293828036,0.916946
0.0283842,0.0131629,0.00017326193641,0.917129
-0.0029576,0.00936906,8.77792852836e-05,0.184109
-0.0027694,0.00937093,8.78143290649e-05,0.184007
-0.0248382,0.067767,0.004592366289,0.00295474
-0.0331862,0.0347924,0.00121051109776,0.010892
0.00313186,0.0075323,5.673554329e-05,0.617659
-0.00324757,0.00937855,8.79572001025e-05,0.183852
-0.0615023,0.043375,0.001881390625,0.00717235
0.00074148,0.00931956,8.68541985936e-05,0.810726
-0.00122331,0.00754678,5.69538883684e-05,0.625258
0.0799098,0.0409661,0.00167822134921,0.00783956
-0.00158083,0.00754741,5.69633977081e-05,0.62536
-0.0035951,0.00938042,8.79922793764e-05,0.183765
0.0855334,0.0665001,0.00442226330001,0.00304285
0.00593564,0.0242398,0.00058756790404,0.0229903
-0.00322312,0.00938346,8.80493215716e-05,0.183716
0.0947193,0.0806824,0.00650964966976,0.00213332
-0.0387122,0.0349446,0.00122112506916,0.0108008
-0.0499769,0.0340367,0.00115849694689,0.0113746
-0.0206981,0.0702255,0.00493162085025,0.00267263
0.0275625,0.0131856,0.00017386004736,0.917277
0.0279407,0.0131844,0.00017382840336,0.917236
-0.00364251,0.00938753,8.81257195009e-05,0.18369
-0.0191366,0.0118841,0.00014123183281,0.104309
-0.0274487,0.0190015,0.00036105700225,0.0381515
6.17406e-05,0.00758617,5.75499752689e-05,0.630921
-0.0601921,0.0782422,0.00612184186084,0.00218517
-0.0168149,0.0121216,0.00014693318656,0.0995002
-0.000908538,0.00928955,8.62957392025e-05,0.189704
0.00122276,0.00759243,5.76449933049e-05,0.632187
0.00874367,0.00825492,6.81437042064e-05,0.733336
-0.000408447,0.0092918,8.633754724e-05,0.189671
-0.0505005,0.107291,0.011511358681,0.00116085
0.0315675,0.0158552,0.00025138736704,0.944579
0.108985,0.119961,0.014390641521,0.000895781
-0.000611011,0.00929524,8.64014866576e-05,0.189562
-0.00058579,0.00929458,8.63892173764e-05,0.189529
0.0175726,0.099805,0.009961038025,0.00135924
-0.0175197,0.05035,0.0025351225,0.00514983
-0.000538953,0.00929702,8.64345808804e-05,0.189495
0.017213,0.0181284,0.00032863888656,0.042577
-0.000433489,0.00929808,8.64542916864e-05,0.189458
0.0906517,0.0486294,0.00236481854436,0.00563677
-0.0179305,0.0120855,0.00014605931025,0.0999938
0.00272832,0.00957319,9.16459667761e-05,0.82407
-0.000589295,0.00930732,8.66262055824e-05,0.189755
0.193877,0.151701,0.023013193401,0.000540524
0.000465873,0.00758479,5.75290393441e-05,0.631495
0.0803199,0.0941059,0.00885592041481,0.00156352
0.0022838,0.00955464,9.12911455296e-05,0.823438
0.099779,0.111353,0.012399490609,0.00106439
0.043727,0.0319917,0.00102346886889,0.0133923
0.00259906,0.00955311,9.12619106721e-05,0.823305
-0.0671328,0.104369,0.010892888161,0.00123625
-0.0268815,0.0557902,0.00311254641604,0.00422548
-0.00886209,0.0708301,0.00501690306601,0.00255055
-0.0277119,0.0223672,0.00050029163584,0.0271037
-0.0550971,0.0925991,0.00857459332081,0.00163995
0.0386335,0.0968679,0.00938339005041,0.00139626
0.0296675,0.0651029,0.00423838758841,0.0031222
-0.000586687,0.00933101,8.70677476201e-05,0.18845
0.000396088,0.00758773,5.75736465529e-05,0.631807
0.0867519,0.051701,0.002672993401,0.00495937
0.0297598,0.114021,0.013000788441,0.000972763
-0.0165809,0.0120019,0.00014404560361,0.100975
0.000237071,0.00757641,5.74019884881e-05,0.631677
-0.0203657,0.0131709,0.00017347260681,0.0817555
8.55494e-06,0.00757861,5.74353295321e-05,0.631784
-0.0168311,0.0119914,0.00014379367396,0.101129
0.0975586,0.0480832,0.00231199412224,0.00578947
0.0331482,0.0235272,0.00055352913984,0.0245753
6.20729e-06,0.00757726,5.74148691076e-05,0.631721
0.0287658,0.0136959,0.00018757767681,0.924294
0.0114203,0.0258619,0.00066883787161,0.0199192
-0.0167647,0.0119946,0.00014387042916,0.101058
0.0406423,0.0926283,0.00858000196089,0.00153071
-0.0155434,0.0119788,0.00014349164944,0.101277
-0.000624586,0.00934036,8.72423249296e-05,0.188258
-0.016569,0.0119942,0.00014386083364,0.10107
8.07276e-05,0.00932536,8.69623391296e-05,0.189113
0.0291452,0.0137021,0.00018774754441,0.92439
-0.0522278,0.0418447,0.00175097891809,0.00754157
-0.00643364,0.0834192,0.00695876292864,0.00187011
-0.0171897,0.0119948,0.00014387522704,0.101074
-0.117028,0.03972,0.0015776784,0.00848965
-0.00292315,0.00925117,8.55841463689e-05,0.196657
-0.000529941,0.00935127,8.74462506129e-05,0.188071
-0.000461274,0.00935144,8.74494300736e-05,0.188088
0.00142005,0.00759243,5.76449933049e-05,0.632015
-0.000594505,0.0093539,8.749544521e-05,0.188051
0.0124742,0.011904,0.000141705216,0.113328
-0.0195868,0.0132285,0.00017499321225,0.0810267
0.00199488,0.00762918,5.82043874724e-05,0.63973
-0.000836699,0.00935496,8.75152766016e-05,0.18802
-0.0246263,0.0185724,0.00034493404176,0.039823
-0.00185222,0.00939628,8.82900778384e-05,0.186434
-0.00186009,0.00769036,5.91416369296e-05,0.652224
-0.00192618,0.00953657,9.09461673649e-05,0.179769
0.00634155,0.00830014,6.88923240196e-05,0.736028
-0.0189104,0.0131192,0.00017211340864,0.0825324
-0.00167547,0.00768866,5.91154925956e-05,0.651229
-0.0016675,0.00914651,8.36586451801e-05,0.199908
-0.0763583,0.0857319,0.00734995867761,0.00185242
0.01911,0.0139339,0.00019415356921,0.926796
-0.00287265,0.0266968,0.00071271913024,0.0190159
-0.00207207,0.00915441,8.38032224481e-05,0.199719
-0.159611,0.0946719,0.00896276864961,0.00146555
0.00264393,0.0193229,0.00037337446441,0.0369245
-0.00261046,0.00915843,8.38768400649e-05,0.199579
0.0258782,0.0149503,0.00022351147009,0.937948
-0.00428559,0.0664542,0.00441616069764,0.00306873
-0.00288268,0.00915967,8.38995545089e-05,0.199551
-0.00287597,0.00915953,8.38969898209e-05,0.199573
0.00507991,0.00831543,6.91463760849e-05,0.736532
-0.0153036,0.122148,0.014920133904,0.000864331
-0.0843192,0.0697709,0.00486797848681,0.00281107
-0.0115388,0.0181947,0.00033104710809,0.0418329
-0.0235621,0.0715558,0.00512023251364,0.00253878
-0.00366294,0.00918996,8.44553648016e-05,0.198422
-0.00366294,0.00918996,8.44553648016e-05,0.198422
0.025561,0.0149462,0.00022338889444,0.937892
0.0255616,0.0149465,0.00022339786225,0.93789
-0.200831,0.0788314,0.00621438962596,0.00211976
-0.00279261,0.00916678,8.40298555684e-05,0.199392
-0.159613,0.0946734,0.00896305266756,0.0014656
0.0256605,0.0149412,0.00022323945744,0.937849
-0.0488342,0.123313,0.015206095969,0.000849578
-0.00307666,0.00916811,8.40542409721e-05,0.199348
0.0280312,0.0180459,0.00032565450681,0.958177
0.0103309,0.0279474,0.00078105716676,0.0171133
-0.00161069,0.00770747,5.94050938009e-05,0.651592
-0.00275425,0.00917319,8.41474147761e-05,0.199331
-0.00250027,0.00917493,8.41793405049e-05,0.1993
-0.00258043,0.00917764,8.42290759696e-05,0.199299
-0.0146696,0.0651084,0.00423910375056,0.00314339
-0.00150873,0.00771193,5.94738643249e-05,0.651446
-0.00270813,0.00917731,8.42230188361e-05,0.199255
0.00506719,0.00833132,6.94108929424e-05,0.736679
-0.061989,0.0536394,0.00287718523236,0.00460285
0.0233045,0.0327094,0.00106990484836,0.0126794
0.00421836,0.0189507,0.00035912903049,0.0383936
-0.00435549,0.00919534,8.45542777156e-05,0.198987
0.0130397,0.0121075,0.00014659155625,0.900576
-0.000363765,0.00765404,5.85843283216e-05,0.635869
-0.0675596,0.070627,0.004988173129,0.00273384
0.0121234,0.0121009,0.00014643178081,0.900477
0.0117393,0.0272682,0.00074355473124,0.0180524
-0.000293394,0.00765177,5.85495841329e-05,0.635921
-8.91951e-05,0.00765155,5.85462174025e-05,0.635924
-0.0411133,0.0447178,0.00199968163684,0.00670374
-0.00854739,0.0151744,0.00023026241536,0.0608994
-0.000160117,0.00765275,5.85645825625e-05,0.636015
-0.00931139,0.00830057,6.88994623249e-05,0.271742
-0.0312246,0.0404286,0.00163447169796,0.00808121
-0.00723173,0.00906205,8.21207502025e-05,0.208276
0.148085,0.141923,0.020142137929,0.000663867
0.0522048,0.0463622,0.00214945358884,0.00620504
0.0364189,0.132398,0.017529230404,0.000741565
-0.00266832,0.00762678,5.81677731684e-05,0.626062
0.0110847,0.0120535,0.00014528686225,0.899917
0.0112379,0.0120514,0.00014523624196,0.89988
-0.00270894,0.00762754,5.81793664516e-05,0.625959
-0.0284884,0.0731714,0.00535405377796,0.00246944
-0.00276142,0.00762791,5.81850109681e-05,0.625959
-0.00882783,0.00833545,6.94797267025e-05,0.270149
-0.00872472,0.0083345,6.946389025e-05,0.269997
0.0111858,0.0120483,0.00014516153289,0.899864
0.0111858,0.0120483,0.00014516153289,0.899864
0.0983748,0.108067,0.011678476489,0.00112623
-0.0024971,0.00762932,5.82065236624e-05,0.625995
0.121785,0.103676,0.010748712976,0.00129746
-0.00618108,0.0194238,0.00037728400644,0.0363165
0.0110401,0.0120497,0.00014519527009,0.899904
0.0110401,0.0120497,0.00014519527009,0.899904
0.0110401,0.0120497,0.00014519527009,0.899904
0.0612796,0.0522003,0.00272487132009,0.00488514
0.0106506,0.0717653,0.00515025828409,0.00256418
-0.00278994,0.00763091,5.82307874281e-05,0.625991
0.0108402,0.0120502,0.00014520732004,0.899911
0.00998321,0.0120355,0.00014485326025,0.899602
-0.00272717,0.00762831,5.81911134561e-05,0.625776
-0.0281746,0.0513617,0.00263802422689,0.00496259
-0.00280335,0.00762873,5.81975214129e-05,0.625891
0.0103267,0.0120344,0.00014482678336,0.899725
0.0105379,0.0120306,0.00014473533636,0.100398
-0.0277283,0.0517835,0.00268153087225,0.00488529
0.0106053,0.0120315,0.00014475699225,0.100386
-0.0095021,0.00830544,6.89803335936e-05,0.271783
-0.00711018,0.00908755,8.25835650025e-05,0.206415
-0.00956821,0.00830806,6.90238609636e-05,0.271771
-0.0098717,0.00830884,6.90368221456e-05,0.271769
0.0106798,0.0120359,0.00014486288881,0.100345
-0.00968467,0.00831303,6.91064677809e-05,0.271648
0.0110249,0.0120346,0.00014483159716,0.100318
-0.00829771,0.0193414,0.00037408975396,0.0366189
-0.00247792,0.00764123,5.83883959129e-05,0.373834
0.0215607,0.0264453,0.00069935389209,0.0192076
0.0209933,0.0148579,0.00022075719241,0.0628169
-0.00663948,0.00910697,8.29369025809e-05,0.206025
0.0134556,0.0121129,0.00014672234641,0.0993465
-0.0246015,0.0355118,0.00126108793924,0.0104546
0.0198187,0.0153582,0.00023587430724,0.0587852
0.0223213,0.0149302,0.00022291087204,0.0621965
0.00203649,0.0226928,0.00051496317184,0.0260581
0.0204022,0.0148445,0.00022035918025,0.0629529
0.0157524,0.0127361,0.00016220824321,0.0887292
0.0204204,0.0265024,0.00070237720576,0.0191012
-0.0187672,0.0174081,0.00030304194561,0.0455992
0.00899286,0.00938105,8.80040991025e-05,0.182356
-0.0543041,0.0749349,0.00561523923801,0.00236915
-0.392028,0.163804,0.026831750416,0.000494346
-0.000975299,0.0227388,0.00051705302544,0.0259166
-0.00605401,0.00868332,7.54000462224e-05,0.771263
-0.0208266,0.0172762,0.00029846708644,0.0463445
0.0200255,0.0147146,0.00021651945316,0.0639512
0.0337844,0.0460727,0.00212269368529,0.00627951
0.00144276,0.00799695,6.39512093025e-05,0.706418
-0.0071703,0.0586118,0.00343534309924,0.00385831
0.00132687,0.00799277,6.38843722729e-05,0.706506
-0.037537,0.0807308,0.00651746206864,0.00197952
0.00196381,0.00799103,6.38565604609e-05,0.706263
-0.0579258,0.0562788,0.00316730332944,0.0042104
0.0221074,0.0107214,0.00011494841796,0.85838
0.0247765,0.0194554,0.00037851258916,0.0372033
0.052059,0.0672088,0.00451702279744,0.00285944
0.0439678,0.109701,0.012034309401,0.00108165
-0.00212892,0.00755973,5.71495176729e-05,0.633364
-0.00504917,0.00865216,7.48598726656e-05,0.770344
0.0812091,0.0331293,0.00109755051849,0.0122923
-0.00551781,0.00865626,7.49308371876e-05,0.770537
0.0377322,0.084905,0.007208859025,0.00177645
0.0125378,0.0173793,0.00030204006849,0.046775
0.00128036,0.00797378,6.35811674884e-05,0.705667
0.00116722,0.00797597,6.36160974409e-05,0.705785
0.000483373,0.00797618,6.36194473924e-05,0.705718
0.00074912,0.00797589,6.36148212921e-05,0.705678
0.000827922,0.00797494,6.35996680036e-05,0.705656
0.000699377,0.00797335,6.35743102225e-05,0.70561
0.000424185,0.0474589,0.00225234718921,0.00577499
0.000434652,0.00796546,6.34485530116e-05,0.705112
0.0012004,0.00798016,6.36829536256e-05,0.706152
0.000729789,0.00796701,6.34732483401e-05,0.705148
0.018289,0.0147694,0.00021813517636,0.0636296
0.0578831,0.0657901,0.00432833725801,0.00320196
-0.00771681,0.00878444,7.71663861136e-05,0.773362
-0.00878592,0.00879094,7.72806260836e-05,0.773215
-0.00180755,0.00810006,6.56109720036e-05,0.706191
-0.0796528,0.0517723,0.00268037104729,0.00501943
-0.0134377,0.0088152,7.770775104e-05,0.226077
0.0106952,0.0272803,0.00074421476809,0.0181784
-0.00459303,0.00822137,6.75909246769e-05,0.272504
0.0854104,0.0439039,0.00192755243521,0.0068024
-0.00237487,0.00815038,6.64286941444e-05,0.275593
-0.00716289,0.00726963,5.28475203369e-05,0.473073
-0.00236643,0.00813898,6.62429954404e-05,0.276682
0.129752,0.0969258,0.00939461070564,0.00137925
0.0437861,0.0412588,0.00170228857744,0.00783201
0.0613801,0.0708435,0.00501880149225,0.00266015
-0.136497,0.08568,0.0073410624,0.00179789
0.00159861,0.123308,0.015204862864,0.000849605
-0.00238203,0.00814588,6.63553609744e-05,0.275673
-0.0255031,0.0560775,0.00314468600625,0.00415208
-0.00729688,0.00726634,5.27996969956e-05,0.474206
-0.00717525,0.00726362,5.27601755044e-05,0.473606
0.0045773,0.0107977,0.00011659032529,0.129089
-0.00891806,0.0430901,0.00185675671801,0.00719905
-0.00712747,0.00726331,5.27556721561e-05,0.473622
0.0374688,0.0198204,0.00039284825616,0.0346587
-0.00714617,0.00726519,5.27829857361e-05,0.474217
0.0153254,0.0111587,0.00012451658569,0.880293
0.0771479,0.056595,0.003202994025,0.00416692
0.0170388,0.0163389,0.00026695965321,0.0517231
0.0017211,0.0672259,0.00451932163081,0.00285644
0.138999,0.129533,0.016778798089,0.000802915
-0.00229908,0.00813753,6.62193945009e-05,0.275729
-0.029013,0.096299,0.009273497401,0.001396
0.0745404,0.0542949,0.00294793616601,0.00456757
0.150204,0.0916577,0.00840113396929,0.00152075
0.00530723,0.0108176,0.00011702046976,0.128709
0.00744347,0.101039,0.010208879521,0.00131311
-0.00234536,0.00813619,6.61975877161e-05,0.275763
0.0573907,0.0417688,0.00174463265344,0.00767394
-0.00713837,0.00726068,5.27174740624e-05,0.47372
-0.00223166,0.00813477,6.61744829529e-05,0.275816
-0.00727437,0.00726246,5.27433252516e-05,0.474298
-0.00713428,0.00726093,5.27211044649e-05,0.473705
-0.00705513,0.00726126,5.27258967876e-05,0.473765
0.00124938,0.0465732,0.00216906295824,0.00639493
-0.00698154,0.00726046,5.27142794116e-05,0.473845
-0.0847814,0.103742,0.010762402564,0.00123713
0.0152949,0.0111506,0.00012433588036,0.880215
-0.00729583,0.00725919,5.26958394561e-05,0.473824
-0.00760713,0.00725958,5.27015017764e-05,0.474006
0.00195427,0.0664806,0.00441967017636,0.00308135
-0.0109968,0.0237062,0.00056198391844,0.0239894
0.0416809,0.0412497,0.00170153775009,0.00783999
-0.00780228,0.00726542,5.27863277764e-05,0.47454
0.00477122,0.0108257,0.00011719578049,0.12847
0.0108761,0.00837889,7.02057976321e-05,0.751293
0.00380982,0.0108161,0.00011698801921,0.128702
-0.0332236,0.0148463,0.00022041262369,0.0648081
-0.0191728,0.0567437,0.00321984748969,0.00405988
-0.000444056,0.00832151,6.92475286801e-05,0.258718
-0.0078041,0.00727321,5.28995837041e-05,0.473794
-0.00706859,0.00728676,5.30968712976e-05,0.473558
-0.0562283,0.0543328,0.00295205315584,0.00444966
0.00920416,0.0108605,0.00011795046025,0.872407
0.0153795,0.0163894,0.00026861243236,0.0513757
0.00888944,0.0108263,0.00011720877169,0.871944
0.00845571,0.0108496,0.00011771382016,0.872079
0.00473804,0.00742368,5.51110247424e-05,0.597679
0.00465126,0.00742777,5.51717671729e-05,0.597628
0.00678118,0.010868,0.000118113424,0.872441
0.00644623,0.0108683,0.00011811994489,0.872394
-0.00815883,0.00729428,5.32065207184e-05,0.493221
0.00400897,0.00743363,5.52588549769e-05,0.597087
0.00133973,0.00818412,6.69798201744e-05,0.273638
0.00457329,0.00742965,5.51996991225e-05,0.597605
0.0518319,0.0469048,0.00220006026304,0.00618207
0.00684461,0.0108699,0.00011815472601,0.872397
0.013531,0.0119535,0.00014288616225,0.102466
0.0042128,0.00742912,5.51918239744e-05,0.597726
0.00428691,0.00742779,5.51720642841e-05,0.597643
-0.0555123,0.0816675,0.00666958055625,0.00190769
0.00148347,0.00818172,6.69405421584e-05,0.273585
0.00251524,0.0176454,0.00031136014116,0.044217
-0.030324,0.0464549,0.00215805773401,0.00612574
0.00142893,0.00818338,6.69677082244e-05,0.273632
-0.124562,0.0957304,0.00916430948416,0.0014198
0.00448879,0.00742951,5.51976188401e-05,0.597115
0.00554151,0.00771965,5.95929961225e-05,0.418996
-0.110946,0.0341925,0.00116912705625,0.0116141
-0.0016782,0.00732529,5.36598735841e-05,0.573017
0.00620317,0.00847332,7.17971518224e-05,0.275218
-0.0375221,0.0516163,0.00266424242569,0.00497474
-0.111253,0.0702314,0.00493244954596,0.0026861
0.00348005,0.0111244,0.00012375227536,0.878208
0.00697469,0.0148974,0.00022193252676,0.0635164
-0.00177402,0.00732886,5.37121888996e-05,0.57339
-0.00658368,0.0739467,0.00546811444089,0.00246921
-0.00210637,0.0073297,5.372450209e-05,0.573566
-0.00477769,0.00790547,6.24964559209e-05,0.303493
-0.00246635,0.00733532,5.38069195024e-05,0.57391
0.0155747,0.0155752,0.00024258685504,0.942132
0.00770159,0.0150128,0.00022538416384,0.062469
-0.00536968,0.00791956,6.27194305936e-05,0.303566
-0.000589802,0.00757039,5.73108047521e-05,0.636489
-0.00545281,0.00848024,7.19144704576e-05,0.244881
-0.000729408,0.00754268,5.68920215824e-05,0.369513
0.0324569,0.0438768,0.00192517357824,0.0069967
0.000320775,0.0482272,0.00232586281984,0.00553671
0.0592547,0.0782688,0.00612600505344,0.00212331
-0.00145145,0.00750996,5.63994992016e-05,0.368343
0.000385113,0.00731259,5.34739725081e-05,0.428631
0.122464,0.114955,0.013214652025,0.00100588
0.000455862,0.00731227,5.34692925529e-05,0.428653
-0.0580375,0.0678026,0.00459719256676,0.00276798
0.000624554,0.00731231,5.34698775361e-05,0.428699
-0.00499705,0.00842172,7.09253677584e-05,0.246637
0.00831351,0.015422,0.000237838084,0.0585904
0.0725422,0.0370525,0.00137288775625,0.00975918
0.00063571,0.00731248,5.34723637504e-05,0.428715
0.000624554,0.00731231,5.34698775361e-05,0.428699
-0.00131942,0.00751747,5.65123552009e-05,0.367628
-0.00135883,0.00750911,5.63867329921e-05,0.368449
0.00766855,0.0154114,0.00023751124996,0.0586775
0.018737,0.0518698,0.00269047615204,0.00482831
0.00049095,0.00731215,5.34675376225e-05,0.428761
-0.00149635,0.00751241,5.64363040081e-05,0.368552
-0.00142419,0.0075094,5.639108836e-05,0.368503
0.0276526,0.0293245,0.00085992630025,0.0156358
0.000486529,0.00731225,5.34690000625e-05,0.428759
0.0693831,0.0373013,0.00139138698169,0.00963941
-0.0411556,0.0390315,0.00152345799225,0.00873247
-0.0543824,0.0378597,0.00143335688409,0.00933552
0.000523364,0.00731362,5.34890375044e-05,0.428693
-0.00194144,0.123293,0.015201163849,0.000879793
0.00862809,0.0153329,0.00023509782241,0.0593989
-0.0108895,0.0323152,0.00104427215104,0.0127907
0.000809141,0.00731318,5.34826017124e-05,0.427415
0.000792349,0.00731381,5.34918167161e-05,0.427393
0.00085401,0.00731664,5.35332208896e-05,0.428976
0.000492057,0.00731696,5.35379036416e-05,0.428501
-0.0403016,0.0522147,0.00272637489609,0.00486339
0.00858066,0.0153346,0.00023514995716,0.0593835
0.00858066,0.0153346,0.00023514995716,0.0593835
0.00734989,0.0154079,0.00023740338241,0.0587083
0.00840891,0.0153328,0.00023509475584,0.0593971
-0.00216919,0.0320817,0.00102923547489,0.0131154
-0.000610743,0.00751814,5.65224290596e-05,0.36858
0.00781278,0.0154388,0.00023835654544,0.0584009
-0.000678119,0.00751958,5.65440833764e-05,0.368586
0.00593656,0.0154479,0.00023863761441,0.0584215
-0.0282561,0.0409531,0.00167715639961,0.0080831
0.00142335,0.00732311,5.36279400721e-05,0.428642
0.0015638,0.0073237,5.363658169e-05,0.429067
-0.00392317,0.0435067,0.00189283294489,0.00699463
-0.00023875,0.00752401,5.66107264801e-05,0.368437
-0.00638347,0.008416,7.0829056e-05,0.246076
-0.00275206,0.0201905,0.00040765629025,0.0332468
-0.00201603,0.0201815,0.00040729294225,0.0332757
0.0145018,0.0114669,0.00013148979561,0.113072
-0.0113683,0.0298752,0.00089252757504,0.0147847
0.0406645,0.0979815,0.00960037434225,0.00137537
0.126501,0.0754141,0.00568728647881,0.00242628
-0.00198692,0.0201863,0.00040748670769,0.0332592
0.00332803,0.0226869,0.00051469543161,0.0263699
-0.00192517,0.0201859,0.00040747055881,0.0332561
-0.00206535,0.0201811,0.00040727679721,0.0332705
0.0782917,0.0992081,0.00984224710561,0.00125185
0.015897,0.0150232,0.00022569653824,0.0662864
0.0221218,0.0253482,0.00064253124324,0.0208263
-0.0191774,0.0442796,0.00196068297616,0.00676323
-0.0132656,0.0124697,0.00015549341809,0.094029
-0.000752611,0.0443589,0.00196771200921,0.00680758
-0.00328317,0.0201547,0.00040621193209,0.0333724
0.00473801,0.00820695,6.73540283025e-05,0.266163
0.00476338,0.00820545,6.73294097025e-05,0.266239
0.0207098,0.0250907,0.00062954322649,0.0212664
0.00472736,0.0082046,6.731546116e-05,0.266381
-0.0938781,0.0785418,0.00616881434724,0.00208584
-0.0854373,0.0791425,0.00626353530625,0.00205482
0.0221292,0.0250833,0.00062917193889,0.0212812
5.69795e-05,0.0248106,0.00061556587236,0.0217769
0.0131178,0.0105431,0.00011115695761,0.137846
0.0153059,0.0114163,0.00013033190569,0.11393
0.0168049,0.0292557,0.00085589598249,0.0156726
-0.0247106,0.0717815,0.00515258374225,0.00256291
0.00430427,0.00886756,7.86336203536e-05,0.212321
0.0223539,0.0250925,0.00062963355625,0.0212638
0.0209525,0.0166311,0.00027659348721,0.0505843
-0.0238016,0.0409306,0.00167531401636,0.00769587
0.0150701,0.0114176,0.00013036158976,0.113871
0.00481327,0.00820638,6.73446727044e-05,0.266182
-0.00914336,0.0631789,0.00399157340521,0.00332169
0.0175534,0.0841698,0.00708455523204,0.00187707
0.022622,0.0251567,0.00063285955489,0.0211892
0.00505058,0.00821283,6.74505766089e-05,0.265978
0.00544095,0.00821693,6.75179386249e-05,0.265849
0.00462493,0.00890438,7.92879831844e-05,0.21033
0.0220949,0.0251658,0.00063331748964,0.0211737
0.0152232,0.0114214,0.00013044837796,0.113814
0.0219243,0.0251564,0.00063284446096,0.0211885
-0.0152213,0.0143091,0.00020475034281,0.0697794
0.000564899,0.0203341,0.00041347562281,0.0328313
0.0343336,0.0443486,0.00196679832196,0.00671089
0.00580792,0.00822086,6.75825391396e-05,0.265846
0.00555001,0.00822342,6.76246364964e-05,0.26567
0.000491011,0.0203424,0.00041381323776,0.0328074
0.0276873,0.0229662,0.00052744634244,0.973751
0.000627957,0.0203478,0.00041403296484,0.032795
0.00407046,0.00892288,7.96177874944e-05,0.209873
0.000113941,0.020352,0.000414203904,0.0327816
0.00419029,0.00892185,7.95994074225e-05,0.209907
0.000150191,0.0203471,0.00041400447841,0.032796
0.0192132,0.0430275,0.00185136575625,0.00721146
0.0116535,0.0816582,0.00666806162724,0.00204715
0.00399551,0.00892045,7.95744282025e-05,0.209913
0.00524787,0.00823573,6.78272486329e-05,0.265428
0.00716582,0.0340648,0.00116041059904,0.0114397
-0.0121119,0.012472,0.000155550784,0.0939039
0.00544675,0.00824149,6.79221574201e-05,0.265159
-0.0025529,0.101711,0.010345127521,0.00126923
0.0039097,0.00892298,7.96195720804e-05,0.209913
0.00586021,0.0194658,0.00037891736964,0.0360724
0.0053995,0.00828084,6.85723111056e-05,0.266014
-0.050702,0.038866,0.001510565956,0.00875705
-0.00908728,0.0387757,0.00150355491049,0.00877302
0.00921945,0.0116083,0.00013475262889,0.11074
0.00913009,0.00969774,9.40461611076e-05,0.171748
-0.0288104,0.0480711,0.00231083065521,0.00598373
-0.0045269,0.0150029,0.00022508700841,0.0655436
0.0331023,0.0197159,0.00038871671281,0.0348124
-0.0147572,0.0127579,0.00016276401241,0.0896698
-0.0157053,0.0127801,0.00016333095601,0.0892651
0.000301285,0.00829324,6.87778296976e-05,0.263568
0.0870832,0.0663211,0.00439848830521,0.00302842
0.00841698,0.00970167,9.41224007889e-05,0.171596
-0.0770551,0.0672243,0.00451910651049,0.00294181
0.00812758,0.0096997,9.408418009e-05,0.171685
-0.0150904,0.0446644,0.00199490862736,0.00662241
0.00885431,0.00969546,9.40019446116e-05,0.171726
0.00154731,0.019347,0.000374306409,0.0365371
-0.0152905,0.0127555,0.00016270278025,0.089559
0.00847081,0.0115722,0.00013391581284,0.111475
0.0390665,0.0531026,0.00281988612676,0.00463063
-0.0812949,0.0446619,0.00199468531161,0.00676533
-0.0303737,0.140241,0.019667538081,0.000666584
0.000715455,0.00828961,6.87176339521e-05,0.263604
0.0608327,0.172693,0.029822872249,0.000416705
-0.0117469,0.0149266,0.00022280338756,0.0653204
0.00027898,0.00828116,6.85776109456e-05,0.263796
0.0327626,0.0856935,0.00734337594225,0.00176416
-0.0159484,0.0127265,0.00016196380225,0.0900946
-0.0153772,0.0127298,0.00016204780804,0.0900324
-0.0159484,0.0127265,0.00016196380225,0.0900946
0.193215,0.117924,0.013906069776,0.00102076
-0.0165248,0.0127552,0.00016269512704,0.0895924
-0.00576842,0.0101876,0.00010378719376,0.15036
-0.0244079,0.0468355,0.00219356406025,0.00628215
-0.0154658,0.0127652,0.00016295033104,0.0894668
-0.0154658,0.0127652,0.00016295033104,0.0894668
-0.0154658,0.0127652,0.00016295033104,0.0894668
-0.0154556,0.0127654,0.00016295543716,0.0894696
-0.00226999,0.0375834,0.00141251195556,0.00961358
-0.0171043,0.0148505,0.00022053735025,0.064648
-0.022054,0.0457455,0.00209265077025,0.00633187
0.0157361,0.0244551,0.00059805191601,0.0223888
0.00823512,0.0115728,0.00013392969984,0.111472
-0.0151493,0.0127397,0.00016229995609,0.0899362
0.00126549,0.0191487,0.00036667271169,0.0371558
0.0172792,0.0243201,0.00059146726401,0.0226044
-0.0154556,0.0127654,0.00016295543716,0.0894696
-0.0152751,0.0127689,0.00016304480721,0.0893735
0.136319,0.0968457,0.00937908960849,0.00142085
0.150051,0.058315,0.003400639225,0.0039094
-0.0209243,0.0469632,0.00220554215424,0.00624961
0.0590177,0.0407145,0.00165767051025,0.00798881
-0.0881127,0.0803632,0.00645824391424,0.00208952
0.000150998,0.00869942,7.56799083364e-05,0.226309
0.0173186,0.0387215,0.00149935456225,0.00885352
-0.0315146,0.0762857,0.00581950802449,0.0022623
-0.0771547,0.062073,0.003853057329,0.00342689
0.0196977,0.0386196,0.00149147350416,0.00889988
-0.028833,0.0779156,0.00607084072336,0.00228162
0.13374,0.0968405,0.00937808244025,0.00142081
-0.0143964,0.0127747,0.00016319296009,0.0892902
-0.0151063,0.0127865,0.00016349458225,0.0891795
0.00872394,0.0115969,0.00013448808961,0.111156
-0.0244765,0.0184953,0.00034207612209,0.0409528
0.00879787,0.0115763,0.00013401072169,0.111609
0.00879787,0.0115763,0.00013401072169,0.111609
0.00870955,0.0115967,0.00013448345089,0.111153
-0.0280973,0.0477401,0.00227911714801,0.00598886
0.00879787,0.0115763,0.00013401072169,0.111609
0.015676,0.0244451,0.00059756291401,0.0224
0.00870955,0.0115967,0.00013448345089,0.111153
0.00870649,0.0115774,0.00013403619076,0.111577
0.00878301,0.0115772,0.00013403155984,0.111593
0.0171798,0.0243115,0.00059104903225,0.0226184
-0.0733763,0.0672601,0.00452392105201,0.00293391
-0.102135,0.054999,0.003024890001,0.00447261
0.003662,0.0140832,0.00019833652224,0.0767467
0.0224045,0.0968361,0.00937723026321,0.00139198
0.00859602,0.0115992,0.00013454144064,0.111108
-0.0919849,0.0325602,0.00106016662404,0.0126161
-0.000401256,0.00871086,7.58790819396e-05,0.226142
0.0540303,0.0442245,0.00195580640025,0.00665137
-0.0273968,0.0380873,0.00145064242129,0.00927109
-0.0109749,0.0409781,0.00167920467961,0.00812385
-0.0173418,0.0127734,0.00016315974756,0.0893975
0.00779061,0.0115983,0.00013452056289,0.111146
-0.00820157,0.0345327,0.00119250736929,0.0111848
0.00788022,0.0115728,0.00013392969984,0.111638
0.00837837,0.0116073,0.00013472941329,0.110976
0.106836,0.098545,0.009711117025,0.00132839
0.0291036,0.0221776,0.00049184594176,0.0280352
-0.069358,0.0366018,0.00133969176324,0.0101687
-0.0984727,0.054799,0.003002930401,0.00451877
-0.0319028,0.0435777,0.00189901593729,0.00719983
-0.204814,0.10439,0.0108972721,0.001234
0.00735067,0.0202276,0.00040915580176,0.0342494
0.0243049,0.0311751,0.00097188686001,0.0138684
0.00882647,0.070016,0.004902240256,0.00270153
-0.0751013,0.0936293,0.00876644581849,0.00148336
0.013934,0.0242413,0.00058764062569,0.0228303
-0.112597,0.118913,0.014140301569,0.000988325
0.00454983,0.0108491,0.00011770297081,0.129819
-0.00209944,0.00847366,7.18029137956e-05,0.249929
0.00291979,0.0143257,0.00020522568049,0.0687278
0.00150904,0.0143698,0.00020649115204,0.0682982
0.00150904,0.0143698,0.00020649115204,0.0682982
0.00273043,0.0143281,0.00020529444961,0.0686991
0.0174212,0.0957372,0.00916561146384,0.00145358
-0.0338345,0.0531974,0.00282996336676,0.00465059
0.0598471,0.0724644,0.00525108926736,0.00245454
0.0016512,0.0143671,0.00020641356241,0.068329
-0.124563,0.0546945,0.00299148833025,0.00454997
0.00150904,0.0143698,0.00020649115204,0.0682982
0.00200283,0.0143177,0.00020499653329,0.0688161
0.00200283,0.0143177,0.00020499653329,0.0688161
0.181919,0.116863,0.013656960769,0.000942318
0.00124641,0.0143612,0.00020624406544,0.0684061
0.0016512,0.0143671,0.00020641356241,0.068329
-4.38752e-05,0.0296745,0.00088057595025,0.0153254
-0.01692,0.0125705,0.00015801747025,0.0940574
0.00200283,0.0143177,0.00020499653329,0.0688161
0.00209637,0.0143111,0.00020480758321,0.0688448
0.00209637,0.0143111,0.00020480758321,0.0688448
0.00174574,0.0143604,0.00020622108816,0.0683577
-0.158755,0.0527653,0.00278417688409,0.00472751
0.0729041,0.0951999,0.00906302096001,0.00140597
0.00270327,0.0143061,0.00020466449721,0.0689001
-0.134846,0.0889472,0.00791160438784,0.00163707
0.0204842,0.0315635,0.00099625453225,0.0134428
0.00230406,0.0143124,0.00020484479376,0.0688315
0.0134006,0.0243546,0.00059314654116,0.0225885
-0.00677055,0.00938675,8.81110755625e-05,0.186846
-0.00748399,0.00911919,8.31596262561e-05,0.201502
0.00301268,0.0143191,0.00020503662481,0.0687566
-0.23404,0.0860036,0.00739661921296,0.00179095
0.00174574,0.0143604,0.00020622108816,0.0683577
0.00174574,0.0143604,0.00020622108816,0.0683577
-0.0596927,0.042178,0.001778983684,0.00769947
0.00209637,0.0143111,0.00020480758321,0.0688448
0.00209637,0.0143111,0.00020480758321,0.0688448
-0.0120683,0.0172939,0.00029907897721,0.0471977
0.0384998,0.0235848,0.00055624279104,0.0247049
0.00209637,0.0143111,0.00020480758321,0.0688448
0.00301268,0.0143191,0.00020503662481,0.0687566
-0.0176314,0.0125555,0.00015764058025,0.0942889
0.0138635,0.0243058,0.00059077191364,0.0226789
-0.127974,0.0623788,0.00389111468944,0.00342508
0.00209637,0.0143111,0.00020480758321,0.0688448
-0.00799159,0.0219305,0.00048094683025,0.028
0.00209637,0.0143111,0.00020480758321,0.0688448
0.00209637,0.0143111,0.00020480758321,0.0688448
-0.0240565,0.0592418,0.00350959086724,0.00369044
-0.0820091,0.0456627,0.00208508217129,0.00648868
0.00209637,0.0143111,0.00020480758321,0.0688448
0.00209637,0.0143111,0.00020480758321,0.0688448
0.00209029,0.0143113,0.00020481330769,0.0688469
0.0206884,0.0103069,0.00010623218761,0.170619
-0.00683532,0.00938635,8.81035663225e-05,0.186917
0.00209637,0.0143111,0.00020480758321,0.0688448
0.00174574,0.0143604,0.00020622108816,0.0683577
0.00209637,0.0143111,0.00020480758321,0.0688448
0.141306,0.0926285,0.00858003901225,0.00156033
0.00209637,0.0143111,0.00020480758321,0.0688448
0.00174574,0.0143604,0.00020622108816,0.0683577
0.00209637,0.0143111,0.00020480758321,0.0688448
0.00209637,0.0143111,0.00020480758321,0.0688448
0.00209637,0.0143111,0.00020480758321,0.0688448
0.00212572,0.0143112,0.00020481044544,0.0688469
0.00174574,0.0143604,0.00020622108816,0.0683577
0.00209637,0.0143111,0.00020480758321,0.0688448
-0.0176097,0.0125528,0.00015757278784,0.0943734
0.00133863,0.128257,0.016449858049,0.000802444
0.00209637,0.0143111,0.00020480758321,0.0688448
-0.000283111,0.0144091,0.00020762216281,0.0679094
-0.00414443,0.0144932,0.00021005284624,0.0670634
0.0171944,0.0834128,0.00695769520384,0.00190025
0.00209637,0.0143111,0.00020480758321,0.0688448
0.00209637,0.0143111,0.00020480758321,0.0688448
0.00209637,0.0143111,0.00020480758321,0.0688448
-0.0171983,0.012576,0.000158155776,0.0939838
0.00209637,0.0143111,0.00020480758321,0.0688448
0.00209637,0.0143111,0.00020480758321,0.0688448
0.00189896,0.0143588,0.00020617513744,0.0683753
-0.00210461,0.0456056,0.00207987075136,0.00635338
-0.0680864,0.0289049,0.00083549324401,0.0164597
0.00224879,0.0143095,0.00020476179025,0.0688624
-0.00155598,0.0170098,0.00028933329604,0.0512171
0.00236341,0.0143295,0.00020533457025,0.0686943
0.00235578,0.014329,0.000205320241,0.06869
0.00259395,0.0143187,0.00020502516969,0.0688028
0.00259395,0.0143187,0.00020502516969,0.0688028
0.00260641,0.0143193,0.00020504235249,0.0688113
0.00269945,0.0143127,0.00020485338129,0.06884
0.00266637,0.0143156,0.00020493640336,0.0688113
-0.00648367,0.00938962,8.81649637444e-05,0.186769
-0.0106147,0.0677563,0.00459091618969,0.00283905
0.00270462,0.0143155,0.00020493354025,0.0688155
0.00266637,0.0143156,0.00020493640336,0.0688113
0.00266637,0.0143156,0.00020493640336,0.0688113
0.00266637,0.0143156,0.00020493640336,0.0688113
0.00266637,0.0143156,0.00020493640336,0.0688113
0.00266637,0.0143156,0.00020493640336,0.0688113
-0.017074,0.0125915,0.00015854587225,0.0938129
-0.0340646,0.0941627,0.00886661407129,0.00150332
0.00438804,0.036891,0.001360945881,0.00989045
0.0211846,0.126913,0.016106909569,0.000865052
0.00266637,0.0143156,0.00020493640336,0.0688113
0.00266637,0.0143156,0.00020493640336,0.0688113
0.00266637,0.0143156,0.00020493640336,0.0688113
0.00266637,0.0143156,0.00020493640336,0.0688113
0.00266637,0.0143156,0.00020493640336,0.0688113
0.00266637,0.0143156,0.00020493640336,0.0688113
0.00266637,0.0143156,0.00020493640336,0.0688113
-0.105489,0.140158,0.019644264964,0.000680335
0.0147019,0.0242367,0.00058741762689,0.0227791
0.00267395,0.0143161,0.00020495071921,0.0688155
0.00266637,0.0143156,0.00020493640336,0.0688113
0.00267395,0.0143161,0.00020495071921,0.0688155
0.00266637,0.0143156,0.00020493640336,0.0688113
0.00266637,0.0143156,0.00020493640336,0.0688113
0.00266637,0.0143156,0.00020493640336,0.0688113
0.00266637,0.0143156,0.00020493640336,0.0688113
0.00267395,0.0143161,0.00020495071921,0.0688155
-0.0135517,0.0161989,0.00026240436121,0.0545564
0.00266637,0.0143156,0.00020493640336,0.0688113
-0.00960502,0.0304776,0.00092888410176,0.0143844
0.00257327,0.0143222,0.00020512541284,0.0687826
0.00257327,0.0143222,0.00020512541284,0.0687826
0.00266637,0.0143156,0.00020493640336,0.0688113
0.00266637,0.0143156,0.00020493640336,0.0688113
0.00428726,0.0143814,0.00020682466596,0.068226
-0.0457158,0.0759781,0.00577267167961,0.00225664
0.019873,0.124465,0.015491536225,0.000848844
-0.00657817,0.0091378,8.349938884e-05,0.200847
0.00429482,0.0143819,0.00020683904761,0.0682302
0.00429482,0.0143819,0.00020683904761,0.0682302
-0.0482225,0.0368989,0.00136152882121,0.01007
0.0726124,0.0898011,0.00806423756121,0.00164143
0.0839466,0.0749915,0.00562372507225,0.00228713
0.00461789,0.014391,0.000207100881,0.0681573
0.00454039,0.0143947,0.00020720738809,0.0681348
-0.0146436,0.096269,0.009267720361,0.00140627
0.00319922,0.0144396,0.00020850204816,0.0676281
0.00777383,0.0248932,0.00061967140624,0.0216731
0.00243841,0.0152732,0.00023327063824,0.0613262
0.00384306,0.015265,0.000233020225,0.0612929
-0.0494752,0.0384505,0.00147844095025,0.00898101
-0.0201276,0.0646121,0.00417472346641,0.00319671
0.132608,0.140145,0.019640621025,0.000649431
-0.00384483,0.023666,0.000560079556,0.0245199
-0.0232636,0.0235859,0.00055629467881,0.0239586
0.0134674,0.0234564,0.00055020270096,0.0248216
-0.00600424,0.00824947,6.80537552809e-05,0.26573
0.0077918,0.0390392,0.00152405913664,0.00851038
-0.00951632,0.00801943,6.43112575249e-05,0.287666
0.0723117,0.0724329,0.00524652500241,0.00260401
0.0370413,0.0481189,0.00231542853721,0.00559499
-0.00900091,0.0085259,7.269097081e-05,0.23986
0.0143931,0.0234485,0.00054983215225,0.0248363
-0.00582251,0.00824691,6.80115245481e-05,0.265888
-0.00582251,0.00824691,6.80115245481e-05,0.265888
-0.00629472,0.00772816,5.97244569856e-05,0.327619
0.0820014,0.0373405,0.00139431294025,0.00955246
-0.00550382,0.00827976,6.85544256576e-05,0.264209
-0.00873307,0.00855659,7.32152324281e-05,0.238311
-0.0680533,0.0315285,0.00099404631225,0.013553
0.0258267,0.0490619,0.00240707003161,0.00542588
0.12527,0.0803472,0.00645567254784,0.00207411
-0.0209789,0.0325302,0.00105821391204,0.98734
0.0254824,0.105094,0.011044748836,0.00118981
0.0197933,0.0823996,0.00678969408016,0.00198394
-0.033323,0.0594917,0.00353926236889,0.00363586
0.0155971,0.0234113,0.00054808896769,0.0249058
-0.00908489,0.00852157,7.26171552649e-05,0.239526
0.0958571,0.046596,0.002171187216,0.00605383
0.015536,0.0233976,0.00054744768576,0.0249352
-0.0841488,0.0717326,0.00514556590276,0.00257604
-0.0525713,0.0295143,0.00087109390449,0.0155407
-0.0536926,0.0592752,0.00351354933504,0.00376639
-0.0445783,0.0215967,0.00046641745089,0.97028
0.0888179,0.0465352,0.00216552483904,0.0060686
-0.00927994,0.0085194,7.258017636e-05,0.239469
-0.0101984,0.00801439,6.42304470721e-05,0.287536
0.0613418,0.0785322,0.00616730643684,0.00206899
-0.0490886,0.0692002,0.00478866768004,0.0026786
-0.0100974,0.00801329,6.42128166241e-05,0.287503
-0.00189221,0.0403104,0.00162492834816,0.00818784
0.0147894,0.0234046,0.00054777530116,0.0249136
0.0139339,0.0233903,0.00054710613409,0.0249414
0.0784556,0.0564712,0.00318899642944,0.00419789
-0.0098532,0.00851786,7.25539389796e-05,0.239605
0.0184569,0.0233302,0.00054429823204,0.0250826
0.0177373,0.0233235,0.00054398565225,0.0250972
-0.00912039,0.00802242,6.43592226564e-05,0.287279
-0.0441734,0.0640875,0.00410720765625,0.00322891
0.0125242,0.0185436,0.00034386510096,0.0397048
-0.00586034,0.00773396,5.98141372816e-05,0.327497
-0.0537894,0.118883,0.014133167689,0.000960139
-0.20538,0.0991706,0.00983480790436,0.00126782
0.0652272,0.0675578,0.00456405634084,0.00288301
0.0119627,0.0462179,0.00213609428041,0.00623639
0.00704608,0.0185618,0.00034454041924,0.0395862
-0.00337815,0.0431964,0.00186592897296,0.00722764
-0.00960267,0.00857015,7.34474710225e-05,0.239146
-0.00972204,0.00856978,7.34411292484e-05,0.239108
0.00861185,0.01856,0.0003444736,0.0395156
0.00861185,0.01856,0.0003444736,0.0395156
0.0141847,0.0239596,0.00057406243216,0.0238633
0.00931085,0.0185305,0.00034337943025,0.0396745
0.102815,0.0689834,0.00475870947556,0.00273574
0.0113901,0.0146985,0.00021604590225,0.065028
0.00250863,0.0324383,0.00105224330689,0.0127112
-0.0512212,0.02134,0.0004553956,0.0299089
0.0935913,0.117881,0.013895930161,0.00092707
-0.0509931,0.100518,0.010103868324,0.00132782
0.0113901,0.0146985,0.00021604590225,0.065028
-0.155959,0.082028,0.006728592784,0.00190414
0.00935466,0.0185303,0.00034337201809,0.0396757
-0.0247785,0.0488241,0.00238379274081,0.00554283
0.00935466,0.0185303,0.00034337201809,0.0396757
-0.00833537,0.00856577,7.33724156929e-05,0.239072
-0.0065202,0.00777081,6.03854880561e-05,0.327056
0.0358636,0.0292506,0.00085559760036,0.0161107
0.0159904,0.0232898,0.00054241478404,0.0251744
0.0290502,0.024443,0.000597460249,0.0230131
0.0113901,0.0146985,0.00021604590225,0.065028
0.0161345,0.0232973,0.00054276418729,0.0251598
-0.00600645,0.0077721,6.040553841e-05,0.327351
0.0673338,0.14366,0.0206381956,0.000679285
0.00935466,0.0185303,0.00034337201809,0.0396757
0.0649061,0.0605485,0.00366612085225,0.00361711
0.0113901,0.0146985,0.00021604590225,0.065028
-0.030284,0.0465444,0.00216638117136,0.00606709
0.0159904,0.0232898,0.00054241478404,0.0251744
0.0113901,0.0146985,0.00021604590225,0.065028
0.0113901,0.0146985,0.00021604590225,0.065028
0.00935466,0.0185303,0.00034337201809,0.0396757
0.00935466,0.0185303,0.00034337201809,0.0396757
-0.0322548,0.0631246,0.00398471512516,0.00329295
0.0113901,0.0146985,0.00021604590225,0.065028
0.00935466,0.0185303,0.00034337201809,0.0396757
0.0113901,0.0146985,0.00021604590225,0.065028
-0.0592687,0.0312605,0.00097721886025,0.0137876
0.0113901,0.0146985,0.00021604590225,0.065028
-0.00915513,0.00856772,7.34058259984e-05,0.238728
0.0182809,0.0868471,0.00754241877841,0.00171763
-0.0349461,0.0254519,0.00064779921361,0.0207482
-0.012426,0.0830981,0.00690529422361,0.00190073
0.0113901,0.0146985,0.00021604590225,0.065028
0.0110011,0.0147211,0.00021671078521,0.0648566
0.0113901,0.0146985,0.00021604590225,0.065028
-0.008734,0.00856188,7.33057891344e-05,0.239193
0.065167,0.0841482,0.00708091956324,0.00193253
-0.0668251,0.0587787,0.00345493557369,0.00382791
-0.00881776,0.00856287,7.33227426369e-05,0.239169
0.00935466,0.0185303,0.00034337201809,0.0396757
0.0113901,0.0146985,0.00021604590225,0.065028
0.0124531,0.0145381,0.00021135635161,0.0667234
0.0161345,0.0232973,0.00054276418729,0.0251598
-0.0477505,0.0849019,0.00720833262361,0.0018441
0.0113222,0.0146986,0.00021604884196,0.065036
0.0084766,0.0185672,0.00034474091584,0.0394952
0.0896083,0.090774,0.008239919076,0.00157417
0.00237948,0.0367162,0.00134807934244,0.0101454
0.0107837,0.0146943,0.00021592245249,0.0650763
-0.00871733,0.00856369,7.33367864161e-05,0.23909
0.0113901,0.0146985,0.00021604590225,0.065028
0.0159904,0.0232898,0.00054241478404,0.0251744
0.0159904,0.0232898,0.00054241478404,0.0251744
0.00942232,0.0185292,0.00034333125264,0.0396769
0.0159904,0.0232898,0.00054241478404,0.0251744
-0.00684501,0.00777785,6.04949506225e-05,0.326539
0.0637665,0.064108,0.004109835664,0.00322921
0.0481317,0.0880617,0.00775486300689,0.00170321
0.010581,0.0146923,0.00021586367929,0.0651173
-0.0369478,0.0363636,0.00132231140496,0.010354
-0.034528,0.0672536,0.00452304671296,0.0029541
0.0101899,0.0146686,0.00021516782596,0.0653
0.0159904,0.0232898,0.00054241478404,0.0251744
0.0107936,0.0146728,0.00021529105984,0.0652516
0.0937666,0.0917182,0.00841222821124,0.00155048
0.0107936,0.0146728,0.00021529105984,0.0652516
0.0104561,0.0146753,0.00021536443009,0.0652248
-0.00794811,0.0077793,6.051750849e-05,0.327653
0.212879,0.103039,0.010617035521,0.00130156
0.0159772,0.0232901,0.00054242875801,0.0251752
0.00900482,0.0184864,0.00034174698496,0.0398764
-0.0101005,0.00857192,7.34778124864e-05,0.239474
-0.00459334,0.00793902,6.30280385604e-05,0.305747
0.0454017,0.0708472,0.00501932574784,0.0026237
0.0109924,0.0146694,0.00021519129636,0.0652785
0.0305246,0.048482,0.002350504324,0.00555092
0.0118765,0.0146632,0.00021500943424,0.0653074
0.0244606,0.0941732,0.00886859159824,0.00145385
0.0109954,0.0146691,0.00021518249481,0.0652765
0.0103918,0.0146649,0.00021505929201,0.0653248
-0.00712208,0.00776889,6.03556518321e-05,0.329034
0.0160459,0.0232886,0.00054235888996,0.025176
-0.0858081,0.151791,0.023040507681,0.000556294
0.000651679,0.0129285,0.00016714611225,0.0859557
0.102056,0.0744613,0.00554448519769,0.00237762
-0.0506796,0.0209928,0.00044069765184,0.0309272
0.0118362,0.0146615,0.00021495958225,0.0653208
0.00855633,0.0185676,0.00034475576976,0.039516
0.0665579,0.073922,0.005464462084,0.00241568
0.0112345,0.0146568,0.00021482178624,0.0653631
0.00785382,0.0187734,0.00035244054756,0.0405384
-0.029886,0.0256491,0.00065787633081,0.0204458
-0.00684978,0.00778994,6.06831652036e-05,0.328405
0.0838526,0.042221,0.001782612841,0.0073864
0.0112037,0.0146748,0.00021534975504,0.0652992
0.0135655,0.0146503,0.00021463129009,0.0654929
0.010294,0.0146916,0.00021584311056,0.0652228
0.097758,0.103717,0.010757216089,0.00120452
0.0172299,0.0233435,0.00054491899225,0.025108
-0.0758042,0.0418651,0.00175268659801,0.00741716
0.101484,0.0629806,0.00396655597636,0.00333013
-0.0209146,0.0273065,0.00074564494225,0.017981
0.12437,0.0907817,0.00824131705489,0.00165789
-0.0127283,0.0387657,0.00150277949649,0.00894568
-0.00847604,0.0604056,0.00364883651136,0.00364127
-0.0286726,0.0255643,0.00065353343449,0.0204157
-0.0147509,0.0168758,0.00028479262564,0.0492893
-0.0321519,0.057227,0.003274929529,0.00402639
-0.0132211,0.0080231,6.437013361e-05,0.285745
-0.0284163,0.0255157,0.00065105094649,0.0204897
-0.0280338,0.0256239,0.00065658425121,0.0203553
-0.0168551,0.00758429,5.75214548041e-05,0.358714
-0.0221395,0.0262357,0.00068831195449,0.0194563
-0.0234876,0.0389949,0.00152060222601,0.00872012
-0.0292415,0.0762787,0.00581844007369,0.00230243
-0.0134636,0.00817999,6.69122364001e-05,0.280396
-0.0310865,0.0661506,0.00437590188036,0.00300049
0.0411143,0.102993,0.010607558049,0.00122038
-0.0609106,0.0577827,0.00333884041929,0.00397058
-0.0130344,0.00822162,6.75950354244e-05,0.279408
-0.0115243,0.00786103,6.17957926609e-05,0.351121
-0.000865647,0.0154228,0.00023786275984,0.0590668
-0.000874218,0.0154225,0.00023785350625,0.059065
-0.00128946,0.01542,0.0002377764,0.0590512
-0.0103627,0.0076426,5.840933476e-05,0.654879
0.00734835,0.00898135,8.06646478225e-05,0.205637
0.102868,0.079119,0.006259816161,0.00208398
0.0229587,0.0912329,0.00832344204241,0.00151426
-0.0106441,0.00802104,6.43370826816e-05,0.713307
0.0312806,0.0762905,0.00582024039025,0.00226314
0.00452644,0.00730058,5.32984683364e-05,0.445612
0.0129228,0.0167461,0.00028043186521,0.048873
-0.0107773,0.0080185,6.429634225e-05,0.713153
-0.0282804,0.0276432,0.00076414650624,0.0173653
-0.0565498,0.0767819,0.00589546016761,0.00226546
-0.0102894,0.00801441,6.42307676481e-05,0.712713
0.039494,0.0617158,0.00380883996964,0.0034498
0.0125798,0.0131073,0.00017180131329,0.0889002
-0.007253,0.0290469,0.00084372239961,0.0157182
0.00800815,0.00922901,8.51746255801e-05,0.191535
0.0047599,0.00730084,5.33022647056e-05,0.445143
-0.00110675,0.0154119,0.00023752666161,0.0591101
0.147186,0.0830683,0.00690034246489,0.00188499
0.0407517,0.109792,0.012054283264,0.00106765
0.0233127,0.0367108,0.00134768283664,0.00984008
-0.0328546,0.12216,0.0149230656,0.000863718
-0.118611,0.0767745,0.00589432385025,0.00226992
0.00466169,0.0072975,5.325350625e-05,0.445495
-0.00132168,0.015416,0.000237653056,0.0590847
-0.0772521,0.0980023,0.00960445080529,0.00135786
0.00703271,0.0089446,8.000586916e-05,0.208048
-0.0359619,0.0357848,0.00128055191104,0.0105917
-0.149968,0.0620947,0.00385575176809,0.00342783
-0.0007512,0.0154346,0.00023822687716,0.0589759
0.00703271,0.0089446,8.000586916e-05,0.208048
-0.0384963,0.0348774,0.00121643303076,0.010976
0.097612,0.0907589,0.00823717792921,0.00165042
0.0184233,0.0262143,0.00068718952449,0.020297
-0.0892471,0.0698024,0.00487237504576,0.0027205
-0.00526795,0.0289913,0.00084049547569,0.0157844
0.00692094,0.00894937,8.00912233969e-05,0.207898
0.147751,0.114947,0.013212812809,0.00101921
0.00450562,0.00729967,5.32851821089e-05,0.445486
0.00422647,0.00729666,5.32412471556e-05,0.445756
-0.0188735,0.0313527,0.00098299179729,0.0134201
-0.03025,0.0396723,0.00157389138729,0.00845557
-0.00142221,0.0154144,0.00023760372736,0.0590866
-0.00456318,0.0290736,0.00084527421696,0.0156897
0.00692914,0.00895127,8.01252346129e-05,0.207843
-0.0406131,0.0489246,0.00239361648516,0.00554781
-0.116571,0.0773464,0.00598246559296,0.00223938
0.022927,0.0659734,0.00435248950756,0.00302516
0.00296628,0.00734715,5.39806131225e-05,0.445006
0.00666293,0.00927582,8.60408366724e-05,0.190331
0.0336305,0.076822,0.005901619684,0.00219658
0.0367956,0.0341855,0.00116864841025,0.0116708
-0.00376646,0.0921625,0.00849392640625,0.00146895
0.00627807,0.00900083,8.10149406889e-05,0.206582
-0.00664197,0.00848564,7.20060862096e-05,0.746976
-0.00256982,0.0155966,0.00024325393156,0.057927
-0.00170636,0.00920911,8.48077069921e-05,0.193411
-0.000390072,0.00940352,8.84261883904e-05,0.182517
-0.0461227,0.0480508,0.00230887938064,0.00573433
-0.00251248,0.0154966,0.00024014461156,0.058594
-0.000967545,0.00735144,5.40436700736e-05,0.407449
-0.0020596,0.0155061,0.00024043913721,0.0585421
0.00107067,0.0706735,0.00499474360225,0.00275235
0.000166611,0.0094084,8.851799056e-05,0.182407
0.0257694,0.0264139,0.00069769411321,0.0191021
-0.0119396,0.010076,0.000101525776,0.17198
-0.00197313,0.0154976,0.00024017560576,0.0586322
-0.127526,0.0757008,0.00573061112064,0.00228289
-0.00814458,0.0395937,0.00156766107969,0.00831299
0.00504526,0.0284086,0.00080704855396,0.0170038
-0.0229146,0.0215636,0.00046498884496,0.0289229
-0.000856134,0.00735573,5.41067638329e-05,0.407224
-0.000269526,0.00940291,8.84147164681e-05,0.182606
-0.000878617,0.00735515,5.40982315225e-05,0.407068
-0.000878617,0.00735515,5.40982315225e-05,0.407068
-0.0223962,0.0462753,0.00214140339009,0.00618608
0.0113308,0.0252706,0.00063860322436,0.021091
-0.00206594,0.0154926,0.00024002065476,0.0586231
-0.00117306,0.00771286,5.94882093796e-05,0.67229
0.0381632,0.0388963,0.00151292215369,0.0087681
0.0429321,0.0885164,0.00783515306896,0.00160767
-0.0319068,0.082065,0.006734664225,0.00197653
-0.0651841,0.0372727,0.00138925416529,0.00954381
-0.0819379,0.0754525,0.00569307975625,0.00226978
-3.04444e-05,0.0075832,5.750492224e-05,0.650581
3.53776e-05,0.00758383,5.75144774689e-05,0.650492
-0.00509179,0.00871331,7.59217711561e-05,0.246269
-0.000925221,0.00735278,5.40633737284e-05,0.407133
0.022701,0.0681766,0.00464804878756,0.00282931
-0.000226769,0.00735563,5.41052926969e-05,0.406116
0.0499003,0.0877111,0.00769323706321,0.00174566
-0.094716,0.043732,0.001912487824,0.00691259
0.00534084,0.101081,0.010217368561,0.00129979
-0.000897109,0.00734944,5.40142683136e-05,0.407257
-0.001476,0.0155322,0.00024124923684,0.0582789
0.000422982,0.00940071,8.83733485041e-05,0.182782
0.000422982,0.00940071,8.83733485041e-05,0.182782
-0.000544656,0.00734786,5.39910465796e-05,0.407198
-0.000698999,0.00725598,5.26492457604e-05,0.466747
-0.00346203,0.0154564,0.00023890030096,0.0590149
-0.000349678,0.0073895,5.460471025e-05,0.397787
0.144065,0.109708,0.012035845264,0.00109521
0.013156,0.025347,0.000642470409,0.0210009
-0.00110633,0.00771452,5.95138188304e-05,0.672331
0.104021,0.118917,0.014141252889,0.000925697
-0.000563184,0.00725632,5.26541799424e-05,0.466766
-0.00034353,0.00738841,5.45886023281e-05,0.397892
-0.000228295,0.00734984,5.40201480256e-05,0.407172
-0.000426447,0.00734876,5.40042735376e-05,0.407238
0.00509846,0.00895797,8.02452265209e-05,0.208006
-0.00155585,0.0155073,0.00024047635329,0.0585156
-0.00189265,0.0154976,0.00024017560576,0.0585731
0.0455703,0.0736257,0.00542074370049,0.00248649
-0.000532383,0.00735084,5.40348487056e-05,0.407299
-0.00133954,0.0155252,0.00024103183504,0.0583899
0.0086845,0.0252905,0.00063960939025,0.0210595
0.00365346,0.00859735,7.39144270225e-05,0.238079
0.00479015,0.00837967,7.02188693089e-05,0.260283
0.00548081,0.00896951,8.04521096401e-05,0.207757
0.00123419,0.0156175,0.00024390630625,0.0577365
-0.00476355,0.00794504,6.31236606016e-05,0.699373
-0.00735465,0.0229648,0.00052738203904,0.0259166
-0.00389562,0.00796202,6.33937624804e-05,0.699412
-0.00723887,0.00899279,8.08702719841e-05,0.783682
-0.00258127,0.00747429,5.58650110041e-05,0.39643
-0.00233474,0.00745015,5.55047350225e-05,0.405275
0.00705519,0.0288849,0.00083433744801,0.0161882
-0.0151629,0.0583555,0.00340536438025,0.00393895
0.00540804,0.0255942,0.00065506307364,0.0206384
-0.00232889,0.00802345,6.43757499025e-05,0.700513
-0.00206214,0.00751373,5.64561385129e-05,0.396345
0.0191225,0.0830448,0.00689643880704,0.00191529
-0.00205641,0.00814596,6.63566643216e-05,0.294543
-0.012954,0.0233747,0.00054637660009,0.0246026
-0.00390884,0.00787389,6.19981437321e-05,0.684618
-0.0381195,0.0437069,0.00191029310761,0.00681972
-0.000214597,0.00803034,6.44863605156e-05,0.715364
0.0106419,0.0231318,0.00053508017124,0.0255262
-0.0127609,0.0230922,0.00053324970084,0.0251173
-9.87004e-05,0.00800812,6.41299859344e-05,0.713145
-0.00417329,0.050717,0.002572214089,0.00517676
-0.0207328,0.179466,0.032208045156,0.000447365
-0.0124071,0.0231066,0.00053391496356,0.0250903
-0.0452208,0.0428693,0.00183777688249,0.00709767
-0.0452237,0.0428715,0.00183796551225,0.00709898
-0.013027,0.0231004,0.00053362848016,0.0251096
0.17659,0.0912296,0.00832283991616,0.00161225
0.0123568,0.0274724,0.00075473276176,0.0177008
-0.0184015,0.126894,0.016102087236,0.000853084
-0.013027,0.0231004,0.00053362848016,0.0251096
0.123111,0.0566136,0.00320509970496,0.00432706
-0.0221116,0.0204803,0.00041944268809,0.0322446
0.000399024,0.00804413,6.47080274569e-05,0.715966
-0.0446449,0.0427777,0.00182993161729,0.00714528
-0.00508725,0.0115229,0.00013277722441,0.124941
-0.000109462,0.00804592,6.47368286464e-05,0.716039
-0.0156103,0.019498,0.000380172004,0.0354136
-0.0034371,0.00781619,6.10928261161e-05,0.683507
-0.0108842,0.023173,0.000536987929,0.0249576
-0.0897232,0.0392084,0.00153729863056,0.00857614
-0.0115912,0.0231798,0.00053730312804,0.0249429
-0.0393413,0.0435041,0.00189260671681,0.00687826
-0.00311174,0.00781583,6.10871985889e-05,0.683267
-0.0361436,0.044782,0.002005427524,0.00663345
-0.039355,0.0435036,0.00189256321296,0.00687805
-0.0412801,0.0827112,0.00684114260544,0.00183937
-0.00016921,0.00804542,6.47287829764e-05,0.71598
-0.0103657,0.0232023,0.00053834672529,0.0248804
-0.0343987,0.0432545,0.00187095177025,0.00695322
-0.00116796,0.00786333,6.18319586889e-05,0.690547
-0.0373603,0.0433531,0.00187949127961,0.00692239
-0.0373603,0.0433531,0.00187949127961,0.0069226
-0.0373603,0.0433531,0.00187949127961,0.0069226
-0.0373603,0.0433531,0.00187949127961,0.00692239
-0.0373603,0.0433531,0.00187949127961,0.00692239
-0.0373603,0.0433531,0.00187949127961,0.00692239
-0.0373603,0.0433531,0.00187949127961,0.00692239
-0.0129111,0.0240449,0.00057815721601,0.0231876
-0.0373603,0.0433531,0.00187949127961,0.00692239
-0.0369215,0.0434024,0.00188376832576,0.00690697
0.000599241,0.00817662,6.68571146244e-05,0.729848
-0.00203476,0.0077987,6.081972169e-05,0.683852
0.00123078,0.0415465,0.00172611166225,0.00751415
-0.0319126,0.0433078,0.00187556554084,0.00694187
-0.0293979,0.0431616,0.00186292371456,0.00698794
-0.000796122,0.00806967,6.51195739089e-05,0.709437
-0.0275232,0.0433539,0.00187956064521,0.00692666
-0.0175296,0.0303071,0.00091852031041,0.0146614
-0.000998367,0.0080731,6.517494361e-05,0.709515
-0.0198149,0.043208,0.001866931264,0.00697359
-0.000835332,0.00807451,6.51977117401e-05,0.70956
-0.0243377,0.0432566,0.00187113344356,0.00695794
0.119799,0.0593345,0.00352058289025,0.00372224
-0.0243377,0.0432566,0.00187113344356,0.00695794
-0.00108596,0.00807442,6.51962583364e-05,0.7096
-0.0243377,0.0432566,0.00187113344356,0.00695794
-0.0266545,0.122146,0.014919645316,0.000833797
-0.0564882,0.029523,0.000871607529,0.0154083
-0.0011313,0.0078545,6.169317025e-05,0.690544
-0.00745072,0.0073131,5.348143161e-05,0.431393
-0.0360978,0.0434467,0.00188761574089,0.00689304
-0.00292769,0.00780735,6.09547140225e-05,0.684962
-0.029729,0.0437581,0.00191477131561,0.00680157
-0.0195101,0.017509,0.000306565081,0.0481564
-0.0194664,0.0239589,0.00057402888921,0.0232634
-0.00061196,0.00773524,5.98339378576e-05,0.652534
-0.00115566,0.00812579,6.60284631241e-05,0.71959
-0.00689741,0.0246905,0.00060962079025,0.0218649
-0.0080607,0.0320388,0.00102648470544,0.0132915
-0.00328362,0.00744274,5.53943787076e-05,0.57975
-0.102152,0.0681722,0.00464744885284,0.0028374
-0.00114048,0.00742749,5.51676077001e-05,0.579223
-0.00655426,0.00821034,6.74096829156e-05,0.725414
-0.0378362,0.0686128,0.00470771632384,0.00283277
0.0124034,0.158622,0.025160938884,0.000524821
-0.0767078,0.069996,0.004899440016,0.00268345
0.0284486,0.0830433,0.00689618967489,0.00196339
-0.102143,0.0681762,0.00464799424644,0.00283784
-0.0653383,0.0563986,0.00318080208196,0.00421179
-0.0048573,0.0082134,6.745993956e-05,0.727946
0.0966203,0.096829,0.009375855241,0.00146986
-0.00197944,0.00738655,5.45611209025e-05,0.584245
-0.00207738,0.00738701,5.45679167401e-05,0.584245
0.00913154,0.0430101,0.00184986870201,0.00698868
-0.0312081,0.0549181,0.00301599770761,0.00442505
-0.113067,0.0675983,0.00456953016289,0.00289846
-0.0921177,0.0697913,0.00487082555569,0.00271345
0.026338,0.0581531,0.00338178303961,0.00392169
-0.00944894,0.0242542,0.00058826621764,0.0233258
0.0108844,0.011583,0.000134165889,0.109714
-0.113071,0.0675993,0.00456966536049,0.00289855
0.00801464,0.0105729,0.00011178621441,0.13536
-0.0115199,0.0237638,0.00056471819044,0.0237764
-0.113071,0.0675993,0.00456966536049,0.00289855
-0.0645581,0.1058,0.01119364,0.00115898
-0.113071,0.0675993,0.00456966536049,0.00289855
0.0298457,0.0556336,0.00309509744896,0.00425916
-0.113067,0.0675983,0.00456953016289,0.00289846
-0.0478416,0.0401394,0.00161117143236,0.00826087
0.0275999,0.0494186,0.00244219802596,0.00546532
0.00931618,0.0513776,0.00263965778176,0.00490744
0.0268087,0.0279325,0.00078022455625,0.0171102
-0.0310611,0.0550199,0.00302718939601,0.00440963
0.0761329,0.0830591,0.00689881409281,0.00183636
0.0565342,0.0571712,0.00326854610944,0.00407483
0.0106855,0.0717591,0.00514936843281,0.00250402
-0.0387531,0.0154421,0.00023845845241,0.0583392
-0.113071,0.0675993,0.00456966536049,0.00289855
-0.0743707,0.0371924,0.00138327461776,0.00970149
0.00797897,0.0105728,0.00011178409984,0.135356
-0.113071,0.0675993,0.00456966536049,0.00289855
-0.113067,0.0675983,0.00456953016289,0.00289846
-0.0256257,0.0269386,0.00072568816996,0.0186335
-0.00246602,0.00729554,5.32249038916e-05,0.451488
-0.0486607,0.0289966,0.00084080281156,0.0159413
-0.113071,0.0675993,0.00456966536049,0.00289855
-0.0312081,0.0549181,0.00301599770761,0.00442505
-0.0311919,0.0549174,0.00301592082276,0.00442492
-0.113071,0.0675993,0.00456966536049,0.00289855
-0.0763697,0.037008,0.001369592064,0.00980819
-0.0642321,0.042771,0.001829358441,0.00732392
-0.0642151,0.0428185,0.00183342394225,0.0073085
0.00775452,0.0105732,0.00011179255824,0.13534
-0.00257815,0.11999,0.0143976001,0.000880989
-0.0310447,0.0550192,0.00302711236864,0.0044095
-0.064198,0.0428179,0.00183337256041,0.00730827
0.0186881,0.0702209,0.00493097479681,0.00273106
-0.00788893,0.00813945,6.62506463025e-05,0.723836
-0.00788893,0.00813945,6.62506463025e-05,0.723836
-0.0642151,0.0428185,0.00183342394225,0.0073085
-0.089236,0.0395528,0.00156442398784,0.00843209
0.00360054,0.0103455,0.00010702937025,0.142688
-0.0801165,0.0450007,0.00202506300049,0.00656225
-0.0921177,0.0697913,0.00487082555569,0.00271345
0.0138089,0.0108358,0.00011741456164,0.129567
-0.00448284,0.00734908,5.40089768464e-05,0.581172
-0.00448284,0.00734908,5.40089768464e-05,0.581172
-0.00443178,0.00734873,5.40038326129e-05,0.581129
-0.0310447,0.0550192,0.00302711236864,0.0044095
0.028168,0.0314949,0.00099192872601,0.013829
0.00223804,0.0104535,0.00010927566225,0.139715
0.00349722,0.0103449,0.00010701695601,0.142714
0.0261634,0.0265113,0.00070284902769,0.019434
-0.113067,0.0675983,0.00456953016289,0.00289846
0.00349722,0.0103449,0.00010701695601,0.142714
-0.163025,0.0736602,0.00542582506404,0.00237669
-0.0146548,0.021874,0.000478471876,0.0282287
-0.00444494,0.00734844,5.39995704336e-05,0.581142
0.00767358,0.0105725,0.00011177775625,0.135382
0.021594,0.0330817,0.00109439887489,0.0122369
0.00678897,0.0104918,0.00011007786724,0.137076
0.0073561,0.0105754,0.00011183908516,0.135325
0.0073042,0.0105744,0.00011181793536,0.135347
-0.0386458,0.0397277,0.00157829014729,0.00844946
-0.0310447,0.0550192,0.00302711236864,0.0044095
0.00354571,0.0103453,0.00010702523209,0.142718
0.00751946,0.0105739,0.00011180736121,0.135342
-0.00310491,0.079124,0.006260607376,0.00214805
0.00750926,0.0105736,0.00011180101696,0.135357
0.0130125,0.0117536,0.00013814711296,0.105958
-0.123962,0.0499889,0.00249889012321,0.00531569
0.00335575,0.0103463,0.00010704592369,0.142696
0.00753078,0.0105743,0.00011181582049,0.13535
-0.064198,0.0428179,0.00183337256041,0.00730827
0.00360715,0.0103505,0.00010713285025,0.142604
0.00757801,0.0105742,0.00011181370564,0.135354
0.0034029,0.0103462,0.00010704385444,0.142701
0.0297427,0.0277685,0.00077108959225,0.0173265
-0.00741007,0.00814289,6.63066575521e-05,0.724127
-0.0310447,0.0550192,0.00302711236864,0.0044095
0.00757935,0.010574,0.000111809476,0.13535
-0.122871,0.0683773,0.00467545515529,0.00286772
-0.0310447,0.0550192,0.00302711236864,0.0044095
-0.0287911,0.0432623,0.00187162660129,0.00715128
0.00740663,0.0105758,0.00011184754564,0.135347
0.00318437,0.010351,0.000107143201,0.142654
0.0162531,0.06041,0.0036493681,0.00360012
0.00735343,0.0105763,0.00011185812169,0.135349
0.00733658,0.0105772,0.00011187715984,0.135369
0.00726969,0.0105778,0.00011188985284,0.135362
0.00713492,0.0105786,0.00011190677796,0.13532
0.00760153,0.0105795,0.00011192582025,0.135274
-0.0310447,0.0550192,0.00302711236864,0.0044095
-0.00842433,0.00818783,6.70405601089e-05,0.297945
-0.0350204,0.0550175,0.00302692530625,0.00440936
-0.0639276,0.0255609,0.00065335960881,0.020798
-0.0350204,0.0550175,0.00302692530625,0.00440936
-0.007221,0.00814344,6.63156150336e-05,0.724256
-0.00953004,0.0080802,6.528963204e-05,0.716975
-0.00916647,0.00811365,6.58313163225e-05,0.721018
-0.0171176,0.0586024,0.00343424128576,0.00398722
-0.0317765,0.0551205,0.00303826952025,0.00439394
-0.00971142,0.00807399,6.51893145201e-05,0.716594
-0.00918781,0.00811301,6.58209312601e-05,0.721044
-0.0970827,0.0618068,0.00382008052624,0.00335008
-0.00964064,0.00807324,6.51772040976e-05,0.716552
-0.00731259,0.00814117,6.62786489689e-05,0.724111
-0.00918781,0.00811301,6.58209312601e-05,0.721044
-0.102069,0.0706502,0.00499145076004,0.0026827
-0.0317821,0.0551214,0.00303836873796,0.00439408
-0.00975477,0.008078,6.5254084e-05,0.716711
-0.0330375,0.0552242,0.00304971226564,0.00437866
0.00622209,0.010723,0.000114982729,0.13192
-0.00981193,0.0080787,6.526539369e-05,0.283247
0.0584494,0.0579743,0.00336101946049,0.0039674
0.0172601,0.0107056,0.00011460987136,0.13341
0.00788555,0.010684,0.000114147856,0.132991
-0.00981188,0.00807984,6.52838144256e-05,0.283207
0.0297513,0.096799,0.009370046401,0.00140649
0.00709926,0.0106961,0.00011440655521,0.132795
-0.00499942,0.00737041,5.43229435681e-05,0.41683
-0.0648243,0.0347161,0.00120520759921,0.0112117
-0.00737499,0.0081471,6.637523841e-05,0.275714
-0.00755015,0.00814525,6.63450975625e-05,0.275932
-0.00919891,0.00811891,6.59166995881e-05,0.278782
-0.0196313,0.0460537,0.00212094328369,0.00621205
-0.0168056,0.0307046,0.00094277246116,0.014064
-0.0129152,0.0219347,0.00048113106409,0.0280812
-0.00526541,0.00737141,5.43376853881e-05,0.416975
0.0262159,0.0898305,0.00806951873025,0.00158144
-0.00515673,0.00737198,5.43460891204e-05,0.41698
-0.121075,0.0691782,0.00478562335524,0.00280613
-0.00703226,0.00814877,6.64024525129e-05,0.275658
-0.057678,0.0568345,0.00323016039025,0.00415098
-0.00526002,0.00737325,5.43648155625e-05,0.417042
-0.00763562,0.0081054,6.569750916e-05,0.280383
-0.121075,0.0691782,0.00478562335524,0.00280613
-0.00685589,0.00812814,6.60666598596e-05,0.278588
-0.00676587,0.00812955,6.60895832025e-05,0.278386
-0.00912339,0.00806155,6.49885884025e-05,0.285961
0.00616612,0.0107156,0.00011482408336,0.132574
-0.121238,0.0689761,0.00475770237121,0.00282155
-0.00506699,0.00736892,5.43009819664e-05,0.419723
-0.0336938,0.0554324,0.00307275096976,0.00434823
-0.00764371,0.00808519,6.53702973361e-05,0.283166
-0.013451,0.0597625,0.00357155640625,0.00363552
0.0110962,0.011918,0.000142038724,0.103396
-0.0369382,0.0314686,0.00099027278596,0.0132127
-0.00808252,0.00807353,6.51818866609e-05,0.28391
-0.00823066,0.00807689,6.52361520721e-05,0.283348
-0.0892031,0.0710894,0.00505370279236,0.00265203
-0.00746416,0.00811911,6.59199471921e-05,0.278654
0.0186801,0.0107008,0.00011450712064,0.133499
-0.00823066,0.00807689,6.52361520721e-05,0.283348
0.0178079,0.0107259,0.00011504493081,0.1329
-0.0326841,0.0872616,0.00761458683456,0.00170063
-0.045975,0.056174,0.003155518276,0.00424239
-0.00824874,0.00807677,6.52342136329e-05,0.28335
-0.0311147,0.0549182,0.00301600869124,0.00442519
-0.112744,0.0695914,0.00484296295396,0.00277546
-0.112744,0.0695914,0.00484296295396,0.00277546
-0.122298,0.0968566,0.00938120096356,0.00143483
-0.112744,0.0695914,0.00484296295396,0.00277546
-0.00831499,0.00807929,6.52749269041e-05,0.283359
-0.00565382,0.00743945,5.53454163025e-05,0.411379
-0.112744,0.0695914,0.00484296295396,0.00277546
-0.0311194,0.055537,0.003084358369,0.00433308
-0.0172444,0.124461,0.015490540521,0.00080242
0.0195927,0.0201411,0.00040566390921,0.0335481
0.00651808,0.0108366,0.00011743189956,0.130283
-0.00730796,0.00815959,6.65789089681e-05,0.282129
0.012755,0.0120928,0.00014623581184,0.100776
0.0227793,0.0263892,0.00069638987664,0.0195831
-0.0449089,0.0537522,0.00288929900484,0.00461363
-0.00604595,0.00756805,5.72753808025e-05,0.390864
-0.066502,0.0741553,0.00549900851809,0.00246678
-0.0167712,0.0219769,0.00048298413361,0.0280493
-0.00892833,0.0221506,0.00049064908036,0.0276002
0.00236113,0.0316231,0.00100002045361,0.013542
-0.0158244,0.0221974,0.00049272456676,0.0275046
-0.00656392,0.00825975,6.82234700625e-05,0.279934
-0.0101228,0.00856689,7.33916042721e-05,0.247394
0.033836,0.0406934,0.00165595280356,0.00811038
0.00342492,0.0121403,0.00014738688409,0.101012
-0.00720606,0.0074585,5.562922225e-05,0.454846
-0.00163085,0.0075621,5.718535641e-05,0.598568
0.00649313,0.0165116,0.00027263293456,0.0508772
0.00307966,0.00754833,5.69772857889e-05,0.387317
-0.0310769,0.0526847,0.00277567761409,0.00473838
0.00304953,0.00753324,5.67497048976e-05,0.386724
-0.0101014,0.0273152,0.00074612015104,0.0181056
-0.00465624,0.0277333,0.00076913592889,0.0175379
-0.0273457,0.0876738,0.00768669520644,0.00165073
0.00232286,0.00749919,5.62378506561e-05,0.387319
0.00233932,0.0074745,5.586815025e-05,0.38737
0.000607553,0.00727268,5.28918743824e-05,0.514556
0.00078504,0.00726239,5.27423085121e-05,0.489418
0.00900591,0.104338,0.010886418244,0.00120855
-0.0740978,0.0388186,0.00150688370596,0.00876867
-0.0419429,0.0489209,0.00239325445681,0.00567076
-0.0353934,0.0487781,0.00237930303961,0.00570043
-0.0341728,0.0489891,0.00239993191881,0.00565391
0.00353267,0.00747978,5.59471088484e-05,0.378681
0.00339423,0.00747973,5.59463608729e-05,0.378712
0.00361668,0.00747975,5.59466600625e-05,0.378755
-0.00856537,0.0106217,0.00011282051089,0.136457
-0.0390994,0.0489922,0.00240023566084,0.00565548
-0.0446389,0.0767973,0.00589782528729,0.00231374
0.000822315,0.0072896,5.313826816e-05,0.513273
-0.00683539,0.0108047,0.00011674154209,0.130574
-0.00308721,0.0119423,0.00014261852929,0.103327
0.0228527,0.0816976,0.00667449784576,0.00196169
-0.0713796,0.0718132,0.00515713569424,0.00251504
-0.0142286,0.0411949,0.00169701978601,0.00801956
-0.00729637,0.0108117,0.00011689285689,0.130435
0.00441878,0.00751792,5.65191211264e-05,0.377468
0.0660271,0.0419225,0.00175749600625,0.00770942
0.013633,0.0210046,0.00044119322116,0.0314064
-0.0466833,0.0489094,0.00239212940836,0.00562301
-0.0973756,0.0997709,0.00995423248681,0.00131286
0.0651034,0.0430735,0.00185532640225,0.00720219
0.0121857,0.020642,0.000426092164,0.0318981
0.00333047,0.0481289,0.00231639101521,0.00584723
-0.0290206,0.071516,0.005114538256,0.00257189
0.00421956,0.00753248,5.67382549504e-05,0.377661
0.00428414,0.00753051,5.67085808601e-05,0.377789
-0.0496771,0.0313239,0.00098118671121,0.0138759
0.132624,0.0990971,0.00982023522841,0.00137946
